A1	2.85	4.82	7.97	12.81	18.9	24.43	28.1	29.98	31.27	32.37	32.98	33.67	34.13	34.19	34.54	34.69	34.81	34.69	34.96	34.96	35.13	35.11	34.96	35.13	35.06	35.16	34.98	35.11	35.06	35.14	35.17	34.99	35.06	35.15	35.21	35.14	35.09	35.16	35.02	35.08	35.26	35.11	35.22	35.13	35	35.02	35.07	35.02	35.09	35.03
B1	2.89	4.93	8.11	13.11	19.62	25.71	29.98	32.4	33.82	35.02	35.7	36.09	36.53	36.74	36.95	37.13	37.24	37.34	37.31	37.24	37.26	37.2	37.33	37.35	37.22	37.34	37.27	37.3	37.3	37.22	37.33	37.1	37.17	37.17	37.32	37.28	37.13	37.14	37.33	37.15	37.14	37.3	37.21	37.09	37.14	37.22	37.22	37.22	37.29	37.28
A2	0.7	0.77	0.76	0.79	0.86	0.89	1.02	1.19	1.66	2.46	3.93	6.52	10.64	16.12	21.66	25.78	28.06	29.48	30.54	31.15	31.76	32.03	32.32	32.5	32.81	32.82	32.96	33.04	32.91	33.02	33.05	33.08	33.15	33.09	33.11	33.04	33.19	33.09	33.07	33.1	33.12	33.05	33.16	33.14	33.15	33.1	33.03	32.91	32.99	33.05
B2	0.83	0.87	0.94	0.97	1.01	1.07	1.25	1.53	2.19	3.32	5.41	8.99	14.39	21.25	27.17	31.02	33.07	34.4	35.43	36.16	36.6	37.05	37.36	37.54	37.69	37.81	37.96	37.89	38.1	38.1	38.01	38.08	38.25	38.06	38.17	38.14	38.09	38.1	38.06	38.06	38.04	38.04	38.02	38.04	38.1	38	38.15	37.96	38.06	37.98
A3	0.72	0.71	0.7	0.77	0.77	0.76	0.77	0.79	0.77	0.77	0.83	0.87	0.94	1.1	1.4	2.06	3.11	5.18	8.66	13.58	19.25	24.04	26.84	28.51	29.61	30.25	30.87	31.35	31.44	31.81	32.05	32.12	32.12	32.21	32.11	32.22	32.15	32.3	32.32	32.18	32.15	32.2	32.23	32.32	32.18	32.22	32.3	32.25	32.2	32.26
B3	0.77	0.77	0.79	0.8	0.81	0.77	0.81	0.79	0.85	0.83	0.89	0.9	1.03	1.2	1.44	2.03	3.06	5.04	8.3	13.13	18.84	23.53	26.44	27.99	28.93	29.71	30.22	30.85	31.08	31.33	31.37	31.52	31.59	31.7	31.72	31.77	31.77	31.74	31.81	31.79	31.8	31.87	31.77	31.71	31.86	31.82	31.9	31.77	31.79	31.78
A4	0.76	0.81	0.8	0.84	0.81	0.8	0.84	0.83	0.82	0.91	0.84	0.82	0.89	0.84	0.89	0.91	0.98	1.11	1.4	1.86	2.7	4.28	7.12	11.42	17.2	22.63	26.56	28.8	29.97	30.94	31.72	32.16	32.49	32.63	32.93	33.04	33	33.03	33.06	33.13	33.04	33.2	33.1	33.17	33.12	33.06	33.18	33.05	33.16	33.17
B4	0.8	0.81	0.82	0.87	0.87	0.83	0.85	0.82	0.85	0.85	0.84	0.85	0.91	0.89	0.86	0.92	0.95	1.02	1.05	1.27	1.65	2.35	3.68	6.01	9.8	15.17	21.02	25.46	28.14	29.54	30.56	31.25	31.81	32.27	32.41	32.74	32.73	32.97	32.94	32.89	32.87	33.02	33	33.12	33.04	33.03	33.09	33.06	33.06	33.06
A5	0.92	0.96	0.9	0.95	0.98	0.91	0.93	0.96	0.97	0.95	0.94	0.98	0.98	1.02	0.95	1.01	1.02	1.12	1.22	1.49	1.94	2.79	4.4	7.15	11.43	17.08	22.26	25.76	27.46	28.88	29.71	30.27	30.75	31.22	31.38	31.58	31.74	31.94	31.9	32	31.97	32.03	32.02	31.92	31.92	31.96	32.03	32.03	32	32.01
B5	1.05	1.12	1.07	1.12	1.07	1.09	1.13	1.09	1.11	1.14	1.17	1.12	1.13	1.17	1.13	1.16	1.14	1.17	1.22	1.26	1.4	1.71	2.16	3.09	4.82	7.66	12.11	18.04	23.58	27.33	29.59	30.88	31.75	32.43	33.05	33.29	33.49	33.78	33.89	33.94	34.16	34.14	34.16	34.07	34.2	34.15	34.16	34.04	34.1	34.08
A6	0.93	0.93	0.92	1	0.96	0.96	0.94	1	1.01	1.02	0.99	0.99	0.99	1.02	1.02	1.03	1.01	0.98	1.02	1.06	1.08	1.13	1.17	1.29	1.45	1.82	2.34	3.51	5.42	8.54	12.8	17.13	20.26	21.95	23.21	24.07	24.68	25.28	25.59	25.87	25.99	26.31	26.16	26.31	26.33	26.36	26.51	26.42	26.44	26.6
B6	1.15	1.2	1.19	1.21	1.21	1.21	1.24	1.2	1.23	1.26	1.3	1.23	1.24	1.22	1.22	1.27	1.27	1.3	1.32	1.4	1.5	1.69	2.11	2.94	4.41	6.86	10.81	16	21.18	24.71	27.11	28.65	29.67	30.49	31.12	31.65	31.68	31.81	32.01	32.04	31.98	32.04	32.13	32.21	32.03	32.19	32.16	32.14	32.07	32.1
A7	0.77	0.77	0.82	0.86	0.82	0.81	0.85	0.84	0.87	0.87	0.85	0.88	0.85	0.88	0.89	0.86	0.86	0.87	0.93	0.92	0.96	1.05	1.13	1.35	1.83	2.63	4.18	6.89	11	16.46	21.39	24.59	26.53	27.79	28.78	29.38	30.06	30.32	30.6	30.85	31	31.18	31.05	31.2	31.16	31.32	31.07	31.21	31.16	31.21
B7	0.97	0.98	1	1.01	1.07	1.03	1.02	1.01	1.03	1.06	1.05	1.02	1.07	1.06	1.05	1.1	1.09	1.09	1.1	1.16	1.19	1.34	1.55	2.02	2.86	4.41	7.24	11.87	18.31	25.06	30.06	32.76	34.43	35.68	36.69	37.08	37.65	38	38.41	38.38	38.57	38.64	38.72	38.68	38.71	38.74	38.76	38.75	38.77	38.85
A8	0.85	0.9	0.89	0.9	0.92	0.89	0.94	0.92	0.92	0.92	0.9	0.98	0.95	0.93	0.9	0.96	0.96	0.96	1	1.04	1.07	1.21	1.42	1.85	2.78	4.32	7.06	11.51	17.28	22.72	26.25	28.3	29.75	30.87	31.82	32.29	32.58	32.92	33.3	33.43	33.53	33.65	33.69	33.78	33.74	33.66	33.65	33.6	33.6	33.67
B8	0.71	0.73	0.78	0.76	0.81	0.81	0.78	0.79	0.8	0.81	0.85	0.81	0.82	0.82	0.81	0.83	0.87	0.88	0.95	1.06	1.27	1.74	2.49	4.02	6.56	10.61	15.99	21.2	24.62	26.44	27.87	28.8	29.4	30.02	30.24	30.63	30.74	30.85	31.07	30.99	30.96	31.05	31.13	31.05	31.08	31.06	31.2	31.07	31.03	31.11
A9	1.74	2.83	4.68	7.89	12.56	17.97	21.97	24.3	25.79	26.69	27.56	28.12	28.5	28.82	29	29.4	29.54	29.82	29.94	30.04	30.12	30.32	30.3	30.28	30.42	30.52	30.49	30.45	30.49	30.61	30.59	30.52	30.59	30.65	30.74	30.68	30.64	30.74	30.66	30.68	30.68	30.73	30.65	30.73	30.73	30.7	30.62	30.77	30.61	30.6
B9	1.72	2.81	4.67	7.94	12.73	18.57	23.15	25.83	27.36	28.63	29.22	29.81	30.48	30.76	31.03	31.2	31.54	31.69	31.76	31.96	32.02	32.04	32.13	32.28	32.33	32.38	32.3	32.44	32.43	32.39	32.53	32.36	32.4	32.68	32.52	32.53	32.44	32.46	32.51	32.5	32.47	32.52	32.56	32.46	32.44	32.57	32.45	32.47	32.5	32.47
A10	0.69	0.74	0.71	0.79	0.81	0.83	0.96	1.14	1.49	2.16	3.45	5.83	9.73	15.35	21.32	25.5	27.86	29.49	30.54	31.25	31.89	32.31	32.71	32.95	33.3	33.33	33.6	33.71	33.9	34	33.97	34.03	34.15	34.17	34.33	34.23	34.2	34.24	34.37	34.35	34.38	34.32	34.37	34.32	34.26	34.26	34.17	34.3	34.38	34.26
B10	0.69	0.7	0.72	0.76	0.78	0.83	0.91	1.06	1.39	2.04	3.25	5.42	9.07	14.34	20.3	24.68	27.2	28.64	29.58	30.32	31.01	31.33	31.74	32.18	32.23	32.49	32.75	32.9	33.13	33.15	33.07	33.14	33.31	33.31	33.44	33.35	33.42	33.46	33.47	33.55	33.45	33.48	33.53	33.45	33.52	33.43	33.54	33.45	33.44	33.46
A11	0.76	0.76	0.72	0.81	0.78	0.75	0.78	0.8	0.79	0.8	0.8	0.85	0.9	1.03	1.25	1.74	2.6	4.29	7.24	11.87	17.71	22.97	26.51	28.46	29.91	30.7	31.42	32	32.58	32.91	33.08	33.32	33.43	33.71	33.85	33.9	33.85	33.99	33.99	34.04	34.06	34.19	34.17	34.3	34.18	34.25	34.17	34.28	34.18	34.17
B11	0.87	0.9	0.92	0.96	0.91	0.92	0.92	0.89	0.98	0.99	1.01	1.05	1.2	1.48	1.97	2.95	4.79	7.95	13.13	19.86	26.22	30.25	32.7	34.26	35.4	36.18	36.85	37.21	37.6	37.94	38.07	38.53	38.7	38.69	38.84	38.95	38.92	38.94	38.95	39.03	39.05	39.2	39.11	39.19	39.23	39.13	39.07	39.04	39.15	39.1
A12	0.79	0.8	0.79	0.83	0.8	0.79	0.82	0.84	0.81	0.83	0.83	0.84	0.82	0.88	0.81	0.87	0.86	0.92	0.99	1.13	1.38	1.93	2.91	4.75	7.93	12.76	18.67	23.73	26.7	28.62	29.82	30.59	31.43	31.91	32.2	32.48	32.78	33.01	33.33	33.42	33.34	33.63	33.75	33.73	33.77	33.77	33.87	33.95	33.92	33.98
B12	1.02	0.98	1.03	1.03	1.04	1.02	1.03	1.05	1.06	1.06	1.05	1.1	1.06	1.06	1.09	1.12	1.18	1.29	1.44	1.82	2.47	3.78	6.24	10.29	16.01	22.35	27.04	29.84	31.62	32.85	33.66	34.44	35.01	35.46	35.77	36.12	36.21	36.45	36.82	36.8	36.92	37.11	37.15	37.17	37.17	37.3	37.34	37.37	37.42	37.46
A13	0.71	0.73	0.68	0.77	0.74	0.73	0.77	0.76	0.74	0.78	0.79	0.8	0.75	0.76	0.75	0.76	0.75	0.8	0.82	0.87	0.91	0.97	1.13	1.34	1.92	2.88	4.71	7.86	12.5	18.28	22.97	25.66	27.27	28.42	29.34	29.99	30.43	30.93	31.39	31.55	31.88	32.13	32.27	32.49	32.65	32.86	32.9	33.13	33.03	33.26
B13	0.74	0.79	0.78	0.79	0.77	0.8	0.77	0.81	0.78	0.79	0.83	0.77	0.81	0.75	0.8	0.81	0.83	0.83	0.81	0.88	0.89	1.03	1.14	1.4	1.89	2.95	4.74	7.93	12.91	19.27	24.67	27.79	29.66	30.94	31.97	32.5	33.13	33.46	33.7	33.97	34.15	34.43	34.54	34.6	34.79	34.74	34.82	34.88	34.79	34.86
A14	0.87	0.91	0.9	0.96	0.93	0.93	0.93	0.96	0.95	0.97	0.95	0.98	0.97	0.95	0.97	0.96	0.91	0.96	1.04	1	1.07	1.18	1.25	1.49	1.97	2.79	4.48	7.51	12.25	19.16	26.29	31	33.84	35.59	36.76	37.48	38.15	38.63	39.14	39.38	39.44	39.8	39.91	40.03	40.1	40.17	40.16	40.35	40.42	40.36
B14	0.87	0.95	0.94	0.94	1	0.94	0.95	0.95	0.94	0.96	0.98	0.96	0.99	0.98	0.97	0.98	1.02	1.01	0.97	1.03	1.06	1.11	1.23	1.43	1.75	2.49	3.9	6.43	10.56	16.73	23.34	28.29	30.99	32.84	33.88	34.86	35.34	35.9	36.29	36.52	36.86	37.04	37.25	37.3	37.57	37.52	37.7	37.69	37.76	37.92
A15	0.93	0.93	0.93	0.96	0.97	0.97	0.96	0.96	0.95	0.96	0.95	0.99	1.01	1.02	0.98	1.01	0.96	1	1.03	1.06	1.09	1.15	1.21	1.4	1.79	2.5	3.77	6.22	10.14	16.26	23.16	28.33	31.44	33.3	34.59	35.37	36.11	36.57	37.04	37.39	37.58	37.75	37.97	38.11	38.29	38.45	38.39	38.49	38.44	38.54
B15	0.98	0.94	0.97	1	0.99	1.04	1.02	1.03	1.06	1.02	1.07	1.02	1.03	1.03	1.02	1.05	1.03	1.03	1.03	1.07	1.1	1.15	1.17	1.38	1.58	2.1	3.1	4.98	8.21	13.41	20.27	26.72	30.61	32.75	34.06	35.11	35.91	36.48	36.98	37.17	37.52	37.79	37.93	38.16	38.33	38.34	38.66	38.53	38.92	38.8
A16	0.84	0.84	0.89	0.88	0.88	0.92	0.93	0.92	0.94	0.94	0.94	0.94	0.96	0.94	0.91	0.97	0.89	0.97	1.04	1.02	1.05	1.19	1.34	1.7	2.4	3.67	6.09	10.17	16.11	22.83	28.02	30.79	32.81	33.96	34.93	35.52	35.92	36.42	36.85	37.02	37.31	37.22	37.52	37.68	37.76	37.76	37.82	37.95	37.8	37.83
B16	0.96	1	1.05	1.01	1.01	1.03	1.04	1.05	1.05	1.06	1.09	1.04	1.08	1.05	1.08	1.1	1.1	1.09	1.15	1.14	1.19	1.3	1.49	1.87	2.58	3.92	6.35	10.48	16.59	23.22	28.15	31.17	33.17	34.27	35.31	36.12	36.36	36.96	37.23	37.62	37.83	38.09	38.15	38.1	38.15	38.27	38.37	38.34	38.52	38.39
A17	1.65	2.59	4.02	6.82	11.12	16.75	21.83	24.88	26.92	28.42	29.45	30.12	30.93	31.24	31.65	32.01	32.25	32.54	32.64	32.83	32.96	32.87	33.03	33.15	33.26	33.3	33.24	33.44	33.25	33.5	33.58	33.56	33.57	33.61	33.76	33.87	33.92	34.01	34.37	34.48	34.68	34.83	35	35.29	35.39	35.44	35.74	35.75	35.94	35.92
B17	1.69	2.68	4.33	7.26	11.79	17.77	23.16	26.46	28.65	30.31	31.3	32.25	32.8	33.18	33.61	33.94	34.19	34.34	34.5	34.75	34.66	34.85	34.87	35.15	35.03	35.09	35.12	35.16	35.13	35.12	35.34	35.25	35.36	35.39	35.53	35.47	35.78	35.98	36.04	36.27	36.42	36.65	36.76	37.11	37.16	37.35	37.47	37.64	37.79	37.82
A18	0.75	0.82	0.79	0.81	0.81	0.8	0.8	0.81	0.86	0.85	0.94	1.07	1.29	1.72	2.53	4.11	6.92	11.49	17.56	23.42	27.58	29.92	31.7	33.07	33.92	34.52	35.15	35.55	35.83	36.15	36.28	36.51	36.61	36.64	36.91	36.7	36.75	37.03	36.87	36.89	37.09	37.11	37.13	37.07	36.99	37.06	37.12	37.27	37.06	36.95
B18	0.8	0.83	0.88	0.87	0.89	0.88	0.86	0.91	0.93	0.92	1	1.03	1.22	1.45	1.98	3.02	4.81	7.97	13.01	19.58	25.3	28.97	31.28	32.91	34.1	35.03	35.76	36.31	36.82	37.03	37.23	37.44	37.61	37.76	37.82	37.87	37.98	37.97	38.08	38.02	38.11	38.14	38.19	38.11	38.14	38.31	38.21	38.12	38.19	38.23
A19	0.73	0.8	0.75	0.82	0.8	0.78	0.78	0.8	0.8	0.78	0.81	0.82	0.8	0.77	0.78	0.8	0.79	0.82	0.91	0.87	0.98	1.05	1.27	1.56	2.26	3.53	5.74	9.63	15.05	21.06	25.28	27.98	29.83	31.21	32.11	32.79	33.42	33.78	34.32	34.48	34.64	34.81	34.92	35.13	35.08	35.01	35.2	35.4	35.35	35.25
B19	0.85	0.87	0.88	0.89	0.9	0.86	0.94	0.88	0.92	0.93	0.95	0.88	0.94	0.94	0.93	0.93	0.93	0.95	0.98	1.04	1.1	1.21	1.46	1.92	2.75	4.47	7.31	12.01	18.3	24.58	28.74	31.19	32.98	34.36	35.29	36.01	36.54	36.98	37.26	37.56	37.76	37.9	37.98	38.22	38.08	38.15	38.28	38.32	38.39	38.45
A20	0.79	0.81	0.84	0.82	0.87	0.83	0.82	0.84	0.86	0.82	0.84	0.84	0.84	0.85	0.82	0.85	0.8	0.84	0.9	0.94	0.94	0.97	1.06	1.19	1.53	2.08	3.16	5.22	8.55	13.65	19.88	24.74	28.14	30.25	31.69	32.77	33.56	34.21	34.68	34.98	35.23	35.45	35.69	35.9	35.84	35.91	36.13	36.14	36.05	36.09
B20	0.83	0.85	0.87	0.88	0.89	0.93	0.86	0.9	0.9	0.93	0.89	0.84	0.91	0.9	0.91	0.89	0.91	0.92	0.99	0.9	0.95	1	1.13	1.3	1.58	2.15	3.31	5.28	8.69	13.75	19.6	24.05	27.03	29.09	30.57	31.56	32.55	33.04	33.61	33.9	34.13	34.56	34.65	34.74	34.93	34.97	35.12	35.16	35.12	35.23
A21	1.14	1.16	1.18	1.18	1.19	1.18	1.14	1.21	1.17	1.21	1.18	1.23	1.22	1.22	1.17	1.21	1.18	1.23	1.25	1.27	1.3	1.34	1.47	1.57	1.98	2.68	4.04	6.41	10.51	16.87	24.33	30.1	33.79	36.37	37.97	39.16	40.25	40.9	41.43	41.68	42.2	42.33	42.63	42.68	42.8	42.89	43.08	43.29	43.31	43.29
B21	1.18	1.2	1.28	1.24	1.27	1.27	1.27	1.28	1.29	1.3	1.28	1.28	1.26	1.32	1.31	1.31	1.31	1.31	1.34	1.35	1.34	1.4	1.5	1.75	2.08	2.79	4.13	6.59	10.8	17.6	25.86	33.04	37.54	40.8	42.9	44.45	45.43	46.47	47.01	47.53	48.1	48.33	48.71	48.87	48.8	49.06	49.36	49.25	49.3	49.47
A22	1.01	1.06	1.05	1.06	1.1	1.05	1.03	1.06	1.05	1.06	1.04	1.08	1.04	1.1	1.07	1.06	1.07	1.11	1.12	1.16	1.14	1.19	1.26	1.48	1.78	2.45	3.57	5.77	9.43	15.13	21.64	26.71	29.96	32.14	33.69	34.61	35.57	36.22	36.73	36.82	37.33	37.53	37.65	37.92	37.92	38.05	38.15	38.32	38.37	38.39
B22	1.02	1.09	1.09	1.14	1.1	1.12	1.15	1.13	1.16	1.16	1.15	1.15	1.15	1.15	1.14	1.18	1.15	1.18	1.16	1.19	1.21	1.28	1.38	1.64	1.97	2.76	4.26	6.82	11.24	17.87	25.07	30.48	33.93	36.27	37.9	39.12	39.86	40.46	40.99	41.35	41.6	42.04	42.23	42.49	42.47	42.66	42.61	42.78	42.79	42.77
A23	0.91	0.95	1	1.04	1.01	1	1	1	0.98	1.02	1.05	1.02	1.03	1.07	1.01	1.01	1.04	1.02	1.06	1.08	1.07	1.13	1.19	1.38	1.75	2.41	3.63	5.97	9.73	15.05	20.95	25.1	27.8	29.66	30.92	31.86	32.66	33.11	33.57	33.92	34.06	34.37	34.55	34.73	34.78	34.98	35.02	35.19	35.13	35.2
B23	0.97	0.98	0.98	1.03	1.03	1.03	1.02	1.02	1.04	1.03	1.06	1.02	1.06	1.01	1.03	1.09	1.02	1.04	1.08	1.1	1.12	1.21	1.3	1.55	1.96	2.85	4.37	7.35	11.96	18.83	25.98	30.96	34.11	36.42	37.88	38.99	39.71	40.42	40.86	41.24	41.49	41.8	41.89	42.26	42.21	42.42	42.51	42.45	42.5	42.55
A24	0.98	0.96	1.01	1.04	1.06	0.99	1.02	1.05	1.05	1.02	1.02	1.04	1.05	1.06	1.01	1.02	1.01	1.02	1.08	1.07	1.13	1.18	1.24	1.43	1.81	2.52	3.86	6.24	10.23	16.03	22.4	26.76	29.49	31.36	32.74	33.65	34.38	34.96	35.6	35.84	35.98	36.27	36.53	36.6	36.85	36.78	37.06	36.97	37.11	37.06
B24	1.03	1.11	1.05	1.1	1.1	1.09	1.05	1.08	1.12	1.13	1.13	1.11	1.16	1.12	1.07	1.15	1.11	1.11	1.11	1.16	1.15	1.25	1.38	1.58	2.02	2.84	4.46	7.31	11.9	18.54	25.61	30.44	33.52	35.73	37.48	38.59	39.26	39.92	40.45	40.8	41.12	41.49	41.67	41.68	41.82	42.07	42.18	42.21	42.33	42.3
C1	1.51	2.34	3.67	6.05	9.8	14.68	19.48	22.4	24.53	25.91	26.94	27.64	28.41	28.87	29.25	29.63	29.79	30.26	30.49	30.65	30.84	31.01	31.16	31.33	31.4	31.58	31.61	31.65	31.65	31.76	31.98	31.92	31.9	32.09	32.18	32.15	32.07	32.22	32.25	32.16	32.19	32.12	32.24	32.26	32.22	32.32	32.24	32.26	32.31	32.26
D1	1.63	2.46	3.73	6.19	10.13	15.44	20.75	24.32	26.71	28.23	29.49	30.25	30.96	31.59	32.1	32.35	32.81	33.05	33.21	33.37	33.85	33.77	34.13	34.32	34.38	34.33	34.52	34.51	34.58	34.77	34.76	34.69	34.81	34.93	34.93	35.01	34.92	35.11	35.08	35.06	35.08	35.1	34.98	35.11	34.98	35.11	35.02	35.2	35.26	35.26
C2	0.96	0.96	1.01	1.02	1.07	1.07	1.17	1.34	1.64	2.21	3.33	5.4	8.9	13.88	19.39	23.79	26.55	28.46	29.8	30.72	31.65	32.24	32.7	33.23	33.69	33.9	34.23	34.3	34.73	34.87	35.04	34.98	35.4	35.5	35.61	35.72	35.79	35.85	36.03	35.89	35.89	36.1	36.01	36	36.16	36.2	36.23	36.13	36.14	36.29
D2	0.95	1.04	0.99	1.07	1.2	1.21	1.41	1.77	2.59	3.94	6.39	10.55	15.93	21.54	25.25	27.88	29.59	30.91	31.82	32.82	33.33	33.91	34.33	34.84	35.2	35.4	35.68	36.01	36.01	36.28	36.45	36.67	36.77	36.93	36.99	37.18	37.02	37.1	37.32	37.33	37.29	37.36	37.47	37.41	37.39	37.5	37.45	37.42	37.45	37.47
C3	0.96	1.02	1.02	1.07	1.09	1.09	1.04	1.07	1.05	1.09	1.07	1.11	1.18	1.31	1.54	1.9	2.68	4.09	6.72	10.89	16.35	21.49	25.08	27.38	28.97	30.08	30.94	31.79	32.31	32.83	33.36	33.61	33.98	34.36	34.47	34.71	34.81	35.16	35.29	35.11	35.51	35.58	35.61	35.73	35.8	35.95	35.96	36.01	36.18	36.13
D3	0.99	1.01	1.05	1.03	1.08	1.02	1.08	1.02	1.05	1.06	1.13	1.06	1.2	1.26	1.41	1.72	2.41	3.5	5.75	9.49	14.67	20.41	24.9	27.8	29.56	30.98	32.19	33	33.57	34.19	34.73	35.01	35.4	35.62	35.95	36.14	36.26	36.53	36.76	36.82	36.86	37.18	37.22	37.27	37.29	37.48	37.56	37.55	37.59	37.72
C4	1.04	1.06	1.14	1.14	1.09	1.09	1.12	1.12	1.11	1.12	1.08	1.07	1.17	1.28	1.28	1.45	1.82	2.53	3.79	6.06	9.78	14.98	20.39	24.31	26.89	28.67	30	30.88	31.86	32.25	32.81	33.22	33.64	33.9	34.25	34.56	34.69	34.91	35.04	35.21	35.5	35.55	35.52	35.61	35.9	35.91	35.96	36.14	36.1	36.23
D4	0.95	0.99	0.96	0.99	1.17	1.19	1.19	1.15	1.21	1.17	1.17	1.19	1.26	1.35	1.45	1.6	1.97	2.65	4.09	6.57	10.6	16.56	22.72	27.27	30.25	32.21	33.61	34.82	35.64	36.42	36.97	37.5	38.05	38.33	38.5	38.99	39.04	39.41	39.55	39.72	39.81	40.11	40.16	40.23	40.34	40.34	40.58	40.54	40.64	40.79
C5	1.05	1.14	1.1	1.09	1.13	1.1	1.11	1.11	1.15	1.16	1.13	1.11	1.18	1.25	1.31	1.45	1.77	2.36	3.45	5.39	8.76	13.71	19.38	23.76	26.78	28.77	30.24	31.13	32.09	32.83	33.35	33.79	34.23	34.57	34.89	35.12	35.4	35.48	35.55	35.76	35.95	36.09	36.17	36.36	36.36	36.3	36.55	36.61	36.59	36.54
D5	1.05	1.14	1.13	1.13	1.17	1.13	1.18	1.12	1.15	1.17	1.18	1.16	1.21	1.25	1.32	1.44	1.8	2.37	3.56	5.71	9.23	14.5	20.34	25.13	28.08	30.2	31.56	32.63	33.5	34.35	34.97	35.36	35.72	36.14	36.52	36.74	36.92	37.12	37.3	37.47	37.68	37.84	37.97	38	38.02	38.07	38.18	38.28	38.28	38.29
C6	1.03	1.06	1.08	1.1	1.05	1.08	1.1	1.05	1.12	1.07	1.08	1.08	1.15	1.19	1.27	1.41	1.7	2.27	3.33	5.28	8.57	13.31	18.86	23.22	26.16	28.1	29.43	30.6	31.45	32.1	32.72	33.14	33.68	33.94	34.31	34.42	34.69	34.9	35.02	35.23	35.25	35.43	35.68	35.55	35.59	35.92	35.86	35.97	36.01	36.2
D6	0.92	0.95	0.95	0.96	0.99	0.96	0.97	0.97	1.02	1	1.03	1	1.06	1.11	1.19	1.26	1.55	2.1	3.15	4.99	8.1	12.64	18.11	22.44	25.21	27.1	28.7	29.63	30.52	31.11	31.61	32.08	32.49	32.77	33.08	33.31	33.63	33.87	33.93	34.06	34.21	34.26	34.4	34.54	34.44	34.52	34.7	34.64	34.82	34.77
C7	0.94	0.97	0.97	0.95	0.95	0.97	0.95	1	1	1	0.98	0.99	1.05	1.1	1.12	1.28	1.57	2.12	3.09	4.96	8.02	12.57	17.78	21.81	24.5	26.27	27.68	28.56	29.27	30.09	30.53	30.9	31.27	31.69	31.92	32.06	32.26	32.54	32.64	32.74	32.98	33.07	33.18	33.26	33.3	33.32	33.34	33.48	33.5	33.6
D7	1.15	1.23	1.19	1.26	1.26	1.27	1.29	1.3	1.34	1.33	1.82	1.81	1.89	1.94	2.03	2.17	2.44	2.93	3.89	5.75	8.73	12.91	17.51	20.99	23.36	24.92	26.15	27.18	27.94	28.49	29	29.52	29.79	30.24	30.52	30.59	30.87	31.14	31.25	31.28	31.38	31.61	31.69	31.72	31.79	31.84	31.83	32	32.07	32.15
C8	1.04	1.07	1.1	1.11	1.12	1.11	1.1	1.15	1.17	1.15	1.15	1.13	1.21	1.24	1.3	1.4	1.68	2.18	3.1	4.86	7.61	11.61	16.03	19.17	21.39	22.91	24.11	25.05	25.76	26.35	26.77	27.33	27.63	27.92	28.34	28.36	28.67	28.87	29.04	29.17	29.36	29.47	29.64	29.85	29.96	29.95	30.2	30.3	30.37	30.35
D8	0.98	1.04	1.02	1.01	1.07	1.05	1.06	1.05	1.05	1.04	1.13	1.07	1.12	1.19	1.24	1.38	1.71	2.24	3.39	5.41	8.71	13.65	18.99	22.97	25.78	27.67	28.98	30.13	30.91	31.68	32.19	32.61	33	33.34	33.67	33.96	34.12	34.33	34.48	34.59	34.79	34.85	35.02	35.08	35.17	35.34	35.33	35.48	35.52	35.51
C9	1.12	1.45	2	2.78	3.98	5.46	6.9	8.14	8.93	9.55	10	10.35	10.76	11.07	11.25	11.6	11.83	12.01	12.23	12.46	12.48	12.63	12.7	12.82	12.97	13.03	13.14	13.22	13.3	13.4	13.35	13.46	13.49	13.63	13.65	13.57	13.73	13.77	13.7	13.74	13.72	13.87	13.84	13.89	13.88	13.93	13.98	14.06	14.03	13.96
D9	1.13	1.48	1.93	2.76	3.98	5.45	6.92	8.13	8.94	9.62	9.99	10.35	10.71	11.01	11.29	11.47	11.65	11.94	12.09	12.2	12.31	12.45	12.52	12.63	12.72	12.75	12.87	12.96	12.98	13.05	13.09	13.22	13.18	13.2	13.23	13.23	13.26	13.36	13.33	13.47	13.47	13.46	13.5	13.47	13.49	13.5	13.55	13.55	13.55	13.51
C10	0.78	0.74	0.81	0.79	0.85	0.88	1.01	1.17	1.46	1.93	2.78	4.02	5.76	7.66	9.21	10.36	11.05	11.59	12.03	12.48	12.79	13.09	13.38	13.53	13.76	13.89	14.11	14.16	14.25	14.46	14.54	14.66	14.76	14.79	14.88	14.92	15.02	15.07	15.11	15.11	15.24	15.31	15.25	15.29	15.29	15.34	15.36	15.4	15.45	15.41
D10	0.78	0.86	0.8	0.84	0.88	0.95	1.1	1.3	1.64	2.31	3.34	4.9	6.9	8.88	10.36	11.31	12.14	12.67	13.23	13.49	13.97	14.22	14.5	14.78	14.91	15.09	15.29	15.41	15.57	15.67	15.75	15.77	15.88	16.02	16.04	16.08	16.09	16.3	16.15	16.28	16.35	16.29	16.36	16.47	16.47	16.48	16.57	16.59	16.56	16.6
C11	0.75	0.77	0.79	0.76	0.8	0.78	0.81	0.82	0.82	0.82	0.82	0.86	0.83	0.94	1.01	1.09	1.31	1.65	2.3	3.27	4.68	6.54	8.44	9.77	10.76	11.45	11.87	12.29	12.65	13.08	13.24	13.43	13.72	13.95	14.06	14.14	14.31	14.43	14.52	14.6	14.73	14.74	14.86	14.92	15.05	15.04	15.09	15.1	15.06	15.16
D11	0.76	0.8	0.77	0.79	0.86	0.76	0.8	0.77	0.8	0.78	0.81	0.84	0.9	0.99	1.06	1.25	1.54	2.1	2.97	4.36	6.09	8.09	9.73	10.82	11.64	12.2	12.68	13.04	13.43	13.67	13.94	14.05	14.27	14.48	14.66	14.77	14.77	15.03	15.07	15.08	15.16	15.28	15.35	15.46	15.4	15.38	15.55	15.57	15.6	15.6
C12	0.89	0.92	0.93	0.93	0.93	0.93	0.96	0.96	0.92	0.95	0.91	0.94	0.97	0.97	0.97	1	1.01	1.11	1.17	1.42	1.73	2.31	3.17	4.52	6.38	8.31	10.02	11.14	11.95	12.72	13.17	13.57	13.98	14.2	14.49	14.73	14.97	15.15	15.32	15.48	15.63	15.75	15.81	16.01	15.99	16.04	16.11	16.18	16.27	16.36
D12	0.82	0.83	0.8	0.79	0.83	0.81	0.78	0.81	0.82	0.86	0.87	0.84	0.84	0.9	0.89	0.89	0.91	1	1.12	1.28	1.61	2.13	3	4.44	6.09	8.06	9.58	10.73	11.55	12	12.46	12.92	13.08	13.49	13.77	13.98	14.09	14.33	14.52	14.61	14.77	14.79	15.02	14.93	14.98	15.1	15.26	15.29	15.32	15.36
C13	0.8	0.8	0.81	0.79	0.78	0.81	0.82	0.82	0.84	0.81	0.79	0.8	0.85	0.86	0.86	0.85	0.88	0.9	1.01	1.11	1.32	1.64	2.28	3.22	4.68	6.59	8.53	10.12	11.17	11.85	12.47	12.92	13.24	13.55	13.83	14.03	14.32	14.46	14.56	14.75	14.91	15.05	15.21	15.16	15.34	15.37	15.47	15.44	15.55	15.56
D13	0.84	0.85	0.83	0.83	0.88	0.84	0.83	0.82	0.86	0.89	0.89	0.87	0.87	0.93	0.91	0.92	0.99	1.06	1.15	1.39	1.72	2.37	3.45	5.13	7.32	9.54	11.23	12.36	13.28	13.83	14.33	14.67	15.05	15.36	15.62	15.78	15.97	16.16	16.3	16.42	16.57	16.63	16.83	16.89	16.86	16.92	16.97	17.01	17.12	17.13
C14	0.77	0.78	0.8	0.79	0.81	0.8	0.83	0.81	0.81	0.79	0.79	0.8	0.81	0.87	0.84	0.86	0.84	0.92	1.01	1.08	1.31	1.65	2.21	3.25	4.63	6.56	8.39	9.82	10.79	11.51	12.04	12.51	12.9	13.18	13.44	13.71	13.85	14.06	14.26	14.35	14.46	14.61	14.73	14.76	14.91	14.93	15.02	15.13	15.17	15.17
D14	0.78	0.78	0.77	0.79	0.82	0.76	0.79	0.81	0.82	0.83	0.82	0.8	0.82	0.86	0.83	0.86	0.87	0.9	0.99	1.13	1.35	1.72	2.34	3.46	5	6.96	8.95	10.48	11.44	12.25	12.76	13.19	13.58	13.87	14.13	14.38	14.52	14.79	14.89	15.05	15.16	15.34	15.41	15.55	15.47	15.58	15.69	15.77	15.85	15.78
C15	0.91	0.93	0.95	0.96	0.95	0.93	0.94	0.96	0.98	1	0.95	0.93	0.99	1.01	0.99	1.02	1.04	1.13	1.18	1.31	1.59	2.08	2.82	4.08	5.94	8.33	10.46	12.18	13.35	14.15	14.72	15.17	15.58	15.93	16.26	16.58	16.72	16.95	17.15	17.22	17.37	17.55	17.63	17.84	17.84	17.87	17.98	18	18.04	17.99
D15	0.77	0.83	0.8	0.8	0.86	0.8	0.78	0.79	0.87	0.82	0.87	0.83	0.84	0.85	0.89	0.84	0.88	0.92	0.98	1.11	1.32	1.64	2.25	3.22	4.63	6.41	8.3	9.84	10.98	11.62	12.21	12.6	12.95	13.28	13.54	13.83	13.98	14.32	14.35	14.57	14.59	14.76	14.82	15.01	15.02	15.02	15.2	15.35	15.32	15.29
C16	0.75	0.78	0.81	0.84	0.8	0.83	0.83	0.87	0.81	0.85	0.81	0.86	0.81	1	0.97	1	1.06	1.08	1.09	1.27	1.46	1.81	2.44	3.49	5.04	7.13	9.12	10.83	11.8	12.59	13.14	13.68	14.11	14.37	14.68	14.9	15.17	15.39	15.44	15.65	15.79	15.94	16.09	16.19	16.22	16.27	16.36	16.47	16.52	16.59
D16	0.8	0.82	0.77	0.8	0.85	0.76	0.81	0.83	0.85	0.86	0.85	0.81	0.86	0.88	0.9	0.92	0.96	1.01	1.11	1.35	1.69	2.33	3.41	5.1	7.19	9.39	11.07	12.18	12.9	13.51	13.89	14.32	14.6	14.92	15.18	15.37	15.49	15.74	15.83	15.98	16.1	16.1	16.21	16.3	16.35	16.39	16.5	16.51	16.56	16.54
C17	7.81	11.41	16.09	21.93	27.54	30.9	32.94	34.38	35.57	36.37	36.85	37.4	37.77	38.02	38.21	38.35	38.48	38.64	38.63	38.6	38.66	38.69	38.76	38.73	38.73	38.77	38.76	38.75	38.76	38.77	38.72	38.72	38.72	38.88	38.77	38.76	38.67	38.81	38.81	38.69	38.67	38.77	38.66	38.56	38.68	38.61	38.61	38.72	38.57	38.55
D17	7.41	10.76	15.08	21.18	27.19	31.31	33.7	35.41	36.63	37.44	38.15	38.46	38.88	39.17	39.3	39.39	39.63	39.65	39.79	39.74	39.83	39.9	39.88	39.89	39.87	39.84	39.85	39.92	39.69	39.83	39.9	39.92	39.79	39.73	39.94	39.89	39.93	39.99	39.85	39.88	39.86	39.75	39.9	39.8	39.72	39.59	39.85	39.77	39.83	39.83
C18	5	5.63	5.69	5.63	5.64	5.75	5.82	5.99	6.36	7.25	8.67	11.31	15.81	22.25	29.5	35.08	38.73	40.65	42.24	43.12	44.04	44.78	45.06	45.35	45.69	45.82	45.9	46.21	46.18	46.11	46.4	46.62	46.43	46.61	46.68	46.61	46.58	46.56	46.63	46.61	46.52	46.57	46.53	46.47	46.7	46.3	46.45	46.33	46.4	46.34
D18	4.93	5.6	5.5	5.49	5.55	5.58	5.67	5.93	6.34	7.14	8.63	11.37	16	22.78	30.23	36.13	39.78	41.83	43.31	44.45	45.27	45.85	46.42	46.82	46.92	47.17	47.28	47.44	47.53	47.61	47.81	47.61	47.68	47.79	47.93	48	47.64	47.93	47.82	47.95	47.94	47.86	47.82	47.81	47.85	47.73	47.74	47.64	47.8	47.77
C19	4.63	5.21	5.23	5.23	5.14	5.14	5.17	5.11	5.14	5.16	5.19	5.21	5.51	5.9	6.67	7.98	10.58	14.74	20.8	27.71	33.14	36.52	38.55	40.08	40.98	41.73	42.17	42.72	42.96	43.28	43.37	43.61	43.96	43.86	43.97	44.04	44.04	44.11	44.06	44.24	44.21	44.31	44.11	44.14	44.14	44.22	44.14	44.14	44.18	44.2
D19	4.15	4.71	4.61	4.61	4.62	4.54	4.53	4.55	4.55	4.6	4.67	4.76	5	5.34	5.99	7.35	9.76	13.7	19.4	25.77	30.85	34.02	35.96	37.23	38.08	38.8	39.24	39.7	40.1	40.19	40.36	40.47	40.6	40.74	40.88	40.97	40.77	40.98	41.03	40.92	40.92	40.95	41	40.93	40.98	40.98	41.04	41.01	40.91	40.92
C20	3.87	4.5	4.36	4.37	4.38	4.35	4.31	4.29	4.29	4.25	4.25	4.27	4.3	4.35	4.47	4.68	5.16	5.88	7.38	10.08	14.17	19.69	25.14	28.88	31.2	32.57	33.65	34.42	34.98	35.35	35.85	36.1	36.19	36.45	36.59	36.5	36.66	36.74	36.84	36.69	36.89	36.74	36.88	37.09	36.81	36.77	37.02	36.95	36.89	36.78
D20	3.7	4.17	4.17	4.1	4.19	4.07	4.12	4.14	4.08	4.13	4.05	4.03	4.17	4.23	4.29	4.45	4.87	5.51	6.84	9.2	12.91	18.13	23.46	27.32	29.62	30.93	32.13	32.82	33.55	33.95	34.4	34.56	34.77	34.98	35.08	35.15	35.17	35.35	35.41	35.37	35.36	35.44	35.35	35.43	35.3	35.4	35.42	35.51	35.52	35.4
C21	4.56	5.1	5.1	5.09	5.02	4.98	5.01	5.01	5	5.02	4.98	4.87	4.93	5.07	5.1	5.13	5.34	5.68	6.4	7.65	9.97	13.91	19.77	26.07	30.84	33.91	35.73	37	37.92	38.91	39.54	39.88	40.29	40.45	40.69	40.8	40.82	41.09	41.07	41.15	41.27	41.15	41.14	41.05	41.12	41.15	41.18	40.98	41.17	41.19
D21	4.19	4.78	4.7	4.72	4.81	4.69	4.67	4.74	4.68	4.69	4.73	4.71	4.67	4.77	4.75	4.87	5.05	5.44	6.2	7.58	10.06	14.17	20.01	26.1	30.5	33.18	34.76	36.16	36.92	37.79	38.2	38.73	38.76	39.33	39.39	39.49	39.45	39.57	39.52	39.7	39.65	39.69	39.81	39.68	39.62	39.54	39.64	39.67	39.63	39.64
C22	4.96	5.62	5.58	5.59	5.59	5.5	5.47	5.5	5.47	5.52	5.54	5.51	5.49	5.61	5.64	5.72	5.83	6.29	7.01	8.47	11.03	15.42	21.67	28.68	34.07	37.16	38.93	40.4	41.46	42.29	43.05	43.41	43.86	43.96	44.2	44.36	44.53	44.78	44.57	44.76	44.67	44.76	44.73	44.8	44.8	44.67	44.9	44.72	44.8	44.66
D22	4.31	4.87	4.79	4.75	4.78	4.7	4.74	4.74	4.7	4.74	4.71	4.66	4.67	4.79	4.76	4.81	5.08	5.38	6.06	7.36	9.66	13.4	18.97	24.98	29.48	32.24	33.8	35.13	36.14	36.8	37.31	37.89	38.12	38.41	38.4	38.6	38.71	38.85	38.84	39.02	38.83	38.96	38.89	38.99	39.05	39.02	38.86	39.06	39.11	38.98
C23	4.71	5.37	5.34	5.34	5.39	5.31	5.27	5.3	5.31	5.27	5.28	5.21	5.28	5.3	5.36	5.45	5.64	6.04	6.72	8.1	10.68	14.88	20.84	27.66	32.7	35.58	37.48	38.75	39.73	40.52	41.13	41.72	41.99	42.22	42.52	42.65	42.72	42.93	42.89	42.84	42.91	42.96	42.97	43	42.93	42.79	43.04	42.99	43.07	42.94
D23	4.13	4.69	4.6	4.61	4.59	4.52	4.55	4.58	4.52	4.51	4.55	4.53	4.54	4.58	4.61	4.68	4.8	5.19	5.88	7.04	9.15	12.82	18.1	23.7	27.72	30.34	32.01	33.19	34.06	34.65	35.19	35.6	36.05	36.2	36.38	36.51	36.57	36.85	36.79	36.71	36.86	36.82	36.75	36.94	36.78	36.82	36.79	36.83	36.77	36.84
C24	5.08	5.81	5.8	5.75	5.77	5.67	5.69	5.69	5.67	5.64	5.59	5.66	5.67	5.64	5.72	5.8	5.93	6.46	7.14	8.68	11.27	15.76	22.28	29.32	34.88	37.95	39.98	41.69	42.66	43.58	44.3	44.67	45.08	45.48	45.66	45.76	45.88	45.96	46.1	46.21	46.18	46.2	46.26	46.26	46.3	46.22	46.13	46.24	46.22	46.15
D24	4.29	4.93	4.9	4.84	4.81	4.75	4.74	4.81	4.72	4.75	4.8	4.72	4.74	4.76	4.76	4.9	5.08	5.38	6.05	7.33	9.63	13.4	18.9	24.67	29.07	31.56	33.26	34.43	35.47	36.13	36.81	37.24	37.36	37.82	37.8	38.04	38.19	38.24	38.23	38.36	38.43	38.32	38.36	38.49	38.26	38.29	38.41	38.43	38.39	38.5
E1	1.25	1.76	2.56	4.26	7.16	11.53	17.54	22.68	26.11	28.26	29.84	30.98	32.13	32.81	33.38	33.89	34.5	34.78	35.12	35.55	35.65	35.92	36.07	36.25	36.56	36.65	36.82	36.85	36.96	37.05	37.22	37.27	37.29	37.27	37.46	37.59	37.53	37.65	37.71	37.65	37.8	37.69	37.89	37.79	37.79	37.77	37.97	37.97	37.96	37.92
F1	1.16	1.62	2.55	4.16	6.9	11.28	16.65	21.1	23.81	25.67	27.05	28.01	28.95	29.41	30.14	30.45	31.08	31.26	31.63	31.82	32.09	32.2	32.52	32.54	32.68	32.89	32.88	33.06	33.2	33.34	33.25	33.32	33.38	33.57	33.62	33.66	33.7	33.75	33.78	33.79	33.94	34.01	33.89	33.97	33.98	33.94	33.96	34.02	34.15	34.12
E2	0.74	0.75	0.81	0.77	0.84	0.78	0.85	0.89	0.98	1.13	1.42	1.98	3.08	5.12	8.43	13.4	19.19	23.87	26.67	28.37	29.83	30.85	31.73	32.48	33.08	33.59	33.99	34.34	34.69	34.9	35.24	35.39	35.65	35.74	35.91	36.21	36.22	36.22	36.39	36.52	36.65	36.81	36.95	36.93	37.09	37.01	37.04	37.06	37.24	37.23
F2	0.79	0.79	0.87	0.85	0.83	0.88	0.9	1.03	1.14	1.42	1.96	2.86	4.76	7.85	12.55	18.29	22.96	26.01	28.04	29.35	30.4	31.28	32.23	32.75	33.27	33.75	34.03	34.37	34.66	35.01	35.1	35.26	35.44	35.82	35.91	35.93	36	36.14	36.16	36.37	36.44	36.47	36.68	36.78	36.79	36.85	36.96	36.75	36.83	36.92
E3	0.77	0.77	0.8	0.81	0.85	0.79	0.81	0.78	0.86	0.81	0.83	0.84	0.87	0.94	0.94	1.06	1.27	1.51	2.24	3.37	5.64	9.17	14.55	20.54	24.98	27.83	29.7	31.04	32.18	33.01	33.83	34.38	34.91	35.36	35.58	36.14	36.4	36.61	36.84	36.9	37.26	37.49	37.62	37.6	37.77	37.84	37.92	38.02	38.19	38.17
F3	1.04	1.02	1.08	1.08	1.08	1.03	1.05	1.11	1.13	1.06	1.13	1.16	1.17	1.25	1.36	1.67	2.13	3.19	5	8.16	13.26	20.02	26.23	30.53	33.26	35.16	36.63	37.83	38.86	39.64	40.38	40.95	41.47	41.87	42.27	42.58	42.84	43.03	43.36	43.48	43.59	43.96	44.09	44.18	44.3	44.37	44.45	44.52	44.72	44.73
E4	0.98	0.98	0.98	0.97	0.99	1	1.04	1	1.04	1	1.03	0.99	1.03	1.08	1.06	1.04	1.07	1.07	1.19	1.28	1.51	1.89	2.64	4.14	6.67	10.84	16.86	23.22	27.91	30.93	32.91	34.5	35.64	36.61	37.56	38.23	38.94	39.28	39.5	39.98	40.23	40.56	40.94	41.23	41.29	41.43	41.82	41.78	41.86	41.93
F4	1.06	1.02	1.1	1.05	1.12	1.04	1.1	1.07	1.08	1.1	1.07	1.09	1.1	1.15	1.14	1.14	1.18	1.33	1.43	1.71	2.38	3.48	5.59	9.15	14.73	21.71	27.83	31.98	34.56	36.54	38.04	39.11	40.19	40.89	41.56	42.16	42.54	43.12	43.36	43.65	43.92	44.25	44.4	44.79	44.87	45.13	45.18	45.27	45.4	45.48
E5	0.86	0.86	0.86	0.91	0.93	0.88	0.92	0.92	0.9	0.93	0.91	0.9	0.93	0.91	0.92	0.95	0.97	0.93	0.96	0.96	0.99	0.99	1.02	1.18	1.22	1.49	1.98	2.86	4.47	7.3	11.77	17.59	22.97	26.55	28.89	30.43	31.6	32.56	33.4	34.07	34.61	35.22	35.55	35.91	36.21	36.44	36.75	36.97	37.11	37.37
F5	1	1.01	1.06	1.07	1.08	1.07	1.1	1.1	1.1	1.1	1.06	1.07	1.07	1.06	1.06	1.06	1.08	1.1	1.06	1.14	1.14	1.19	1.23	1.23	1.39	1.56	1.98	2.72	4.13	6.7	10.81	16.82	23.78	28.93	32.39	34.6	36.17	37.56	38.61	39.47	40.2	40.89	41.43	41.77	42.2	42.61	42.74	42.96	43.18	43.4
E6	0.76	0.8	0.8	0.78	0.87	0.8	0.83	0.88	0.86	0.83	0.87	0.86	0.93	0.91	0.92	0.9	0.96	0.9	0.93	0.96	0.98	0.96	0.97	1.03	1.04	1.16	1.28	1.5	1.99	2.82	4.37	7.06	10.87	15.47	18.94	21.1	22.59	23.69	24.73	25.47	26.11	26.74	30.41	30.85	31.24	31.51	31.83	32.12	32.34	32.54
F6	1.04	1.05	1.09	1.07	1.09	1.07	1.1	1.07	1.08	1.08	1.09	1.09	1.1	1.16	1.11	1.08	1.08	1.09	1.15	1.12	1.14	1.14	1.18	1.19	1.28	1.33	1.58	1.9	2.63	3.91	6.3	10.26	16.24	23.25	28.72	32.2	34.72	36.3	37.62	38.79	39.66	40.38	41.12	41.65	42.02	42.4	42.77	43.11	43.32	43.53
E7	0.59	0.59	0.66	0.65	0.67	0.64	0.71	0.76	0.77	0.73	0.8	0.76	0.76	0.79	0.81	0.79	0.77	0.79	0.83	0.77	0.82	0.84	0.87	0.9	0.98	1.06	1.22	1.55	2.2	3.45	5.62	9.14	14.19	19.24	22.6	24.7	26.04	27.25	28.11	28.91	29.5	30.1	30.57	31.05	31.31	31.44	31.77	32.17	32.2	32.38
F7	0.76	0.77	0.88	0.83	0.84	0.82	0.78	0.84	0.84	0.82	0.83	0.82	0.83	0.85	0.85	0.82	0.85	0.81	0.86	0.85	0.86	0.9	0.93	0.95	1.04	1.14	1.33	1.77	2.55	4.01	6.54	10.65	15.92	20.88	24.11	26.02	27.29	28.29	29.4	29.95	30.62	31.26	31.64	32.02	32.32	32.57	32.96	33.13	33.24	33.44
E8	0.63	0.62	0.61	0.66	0.69	0.6	0.62	0.67	0.67	0.68	0.67	0.66	0.68	0.73	0.7	0.72	0.73	0.71	0.73	0.73	0.77	0.73	0.79	0.83	0.85	0.91	1.08	1.29	1.78	2.73	4.37	7.2	11.11	15.54	18.57	20.31	21.71	24.67	25.41	26.04	26.7	27.3	27.72	28.07	28.35	28.77	28.82	29.04	29.46	29.49
F8	0.83	0.82	0.82	0.86	0.89	0.86	0.94	0.94	0.93	0.92	0.91	0.93	0.91	0.95	0.89	0.93	0.88	0.97	0.93	0.98	0.99	0.96	1.01	1.01	1.11	1.15	1.27	1.52	2	2.94	4.51	7.15	10.95	15.14	17.95	19.68	20.98	21.8	22.73	23.41	23.92	24.44	24.74	25.1	25.37	25.73	26	26.04	26.2	26.2
E9	2.21	3.58	6.04	9.89	15.56	21.65	26.33	28.9	30.24	31.03	31.69	31.79	32.06	32.13	32.32	32.28	32.24	32.33	32.41	32.44	32.46	32.47	32.51	32.47	32.36	32.46	32.44	32.57	32.49	32.48	32.5	32.48	32.46	32.51	32.49	32.39	32.5	32.44	32.38	32.44	32.4	32.44	32.31	32.36	32.35	32.24	32.24	32.28	32.25	32.13
F9	2.29	3.86	6.5	10.8	16.68	23.01	27.84	30.41	31.69	32.47	33.05	33.35	33.45	33.54	33.55	33.6	33.57	33.65	33.79	33.7	33.76	33.77	33.86	34	33.88	33.73	33.78	33.96	33.88	33.92	33.82	33.87	33.83	33.85	33.94	33.78	33.92	33.75	33.91	33.95	33.8	33.93	33.8	33.77	33.69	33.79	33.65	33.78	33.7	33.62
E10	0.75	0.78	0.85	0.86	0.88	0.92	1.11	1.3	1.76	2.61	4.27	7.09	11.62	17.95	24.4	29.01	31.44	32.8	33.5	34	34.31	34.53	34.66	34.77	34.83	34.82	34.89	34.85	34.86	34.94	35.01	34.97	35.01	34.99	34.93	34.99	34.92	34.98	34.98	34.9	35.02	35.04	35.11	34.88	34.85	34.99	34.92	34.89	34.95	34.91
F10	0.81	0.8	0.87	0.86	0.89	1	1.13	1.37	1.81	2.73	4.41	7.42	12.03	18.72	25.37	30.43	32.9	34.3	34.9	35.33	35.74	35.89	36.25	36.04	36.18	36.29	36.27	36.31	36.32	36.45	36.37	36.36	36.36	36.4	36.33	36.31	36.32	36.45	36.43	36.38	36.42	36.51	36.32	36.35	36.27	36.3	36.34	36.24	36.31	36.25
E11	0.71	0.73	0.72	0.76	0.76	0.77	0.79	0.77	0.79	0.79	0.85	0.85	1	1.17	1.45	2.07	3.31	5.45	9.12	14.67	21.02	26.36	29.52	31.28	32.01	32.65	32.94	33.12	33.28	33.3	33.27	33.37	33.47	33.52	33.5	33.54	33.6	33.59	33.54	33.57	33.63	33.58	33.56	33.63	33.58	33.54	33.5	33.7	33.62	33.52
F11	0.9	0.94	0.96	1.01	1.03	0.95	1.02	1.04	1.02	1.06	1.13	1.23	1.36	1.74	2.36	3.62	5.78	9.76	15.8	23.05	30	34.14	36.25	37.37	38.07	38.36	38.48	38.71	38.92	39.06	39.13	39.02	39.07	39.15	39.13	39.12	39.26	39	39.24	39.25	39.15	39.25	39.22	39.21	39.17	39.21	39.07	39.17	39.14	39.07
E12	0.75	0.74	0.74	0.79	0.78	0.74	0.76	0.79	0.74	0.75	0.79	0.76	0.82	0.77	0.81	0.83	0.88	0.98	1.2	1.54	2.21	3.49	5.74	9.6	15.06	21.56	26.99	29.99	31.24	31.87	32.33	32.43	32.42	32.59	32.83	32.84	32.93	32.99	33.01	33.07	33.14	33.05	33.09	33.06	33.07	33.08	33.14	33.09	33.08	33.03
F12	0.86	0.89	0.93	0.9	0.91	0.93	0.9	0.92	0.92	0.92	0.95	0.95	0.97	0.97	0.95	1	1.03	1.2	1.42	1.87	2.84	4.49	7.32	12.06	18.67	25.43	30.58	33.31	34.38	34.94	35.2	35.42	35.58	35.86	36	35.95	36.05	36.04	35.94	36.17	36.22	36.13	36.09	36.12	36.07	36.12	36.05	36.17	36.14	36.11
E13	0.78	0.78	0.82	0.87	0.82	0.81	0.82	0.84	0.83	0.8	0.85	0.84	0.86	0.89	0.89	0.88	0.89	0.94	1.01	1.24	1.59	2.23	3.49	5.74	9.37	15.13	21.57	27.19	30.49	31.78	32.29	32.68	33	33.16	33.24	33.4	33.46	33.55	33.58	33.51	33.53	33.48	33.5	33.59	33.52	33.47	33.42	33.49	33.54	33.61
F13	0.99	1.03	1.03	1.05	1.03	1.03	1.07	1.01	1	1.07	1.06	1.07	1.09	1.08	1.07	1.08	1.1	1.2	1.34	1.53	1.98	2.81	4.44	7.22	12.16	19.26	27.68	34.83	38.87	40.51	41.24	41.61	41.78	42.03	42.15	42.26	42.32	42.39	42.48	42.55	42.51	42.6	42.53	42.53	42.52	42.27	42.35	42.4	42.46	42.35
E14	0.73	0.73	0.75	0.76	0.78	0.76	0.75	0.77	0.8	0.76	0.76	0.75	0.77	0.8	0.8	0.81	0.79	0.8	0.89	0.94	1.09	1.45	2.02	3.25	5.2	8.61	13.7	20.02	25.59	29.31	31.11	32.08	32.74	33	33.13	33.13	33.33	33.25	33.3	33.26	33.24	33.27	33.35	33.29	33.31	33.18	33.12	33.18	33.17	33.13
F14	1.03	1.05	1.07	1.06	1.06	1.07	1.09	1.1	1.1	1.1	1.12	1.09	1.13	1.13	1.13	1.09	1.13	1.2	1.25	1.38	1.63	2.05	2.96	4.56	7.41	12.23	19.47	27.89	34.96	39.54	41.71	42.74	43.44	43.83	43.96	44.01	44.13	43.99	43.93	44.19	44.01	44.18	44.11	44.06	43.97	43.88	43.83	43.9	43.79	43.71
E15	0.75	0.77	0.78	0.78	0.8	0.77	0.77	0.83	0.81	0.74	0.79	0.79	0.78	0.84	0.86	0.84	0.83	0.82	0.93	1.04	1.2	1.54	2.2	3.49	5.7	9.44	15.13	21.8	27.58	31.24	33.13	34.15	34.66	35.02	35.04	35.18	35.17	35.46	35.25	35.25	35.31	35.44	35.39	35.26	35.22	35.3	35.24	35.28	35.07	35.17
F15	0.89	0.95	1	0.95	0.99	0.97	0.98	0.98	0.97	1	0.97	1	1.04	0.99	0.98	0.99	1.01	1.05	1.1	1.22	1.42	1.82	2.57	3.96	6.51	10.81	17.29	25.09	32.02	36.8	39.07	40.18	40.9	41.23	41.46	41.68	41.52	41.55	41.54	41.72	41.56	41.53	41.52	41.59	41.61	41.56	41.42	41.31	41.33	41.25
E16	0.78	0.8	0.81	0.82	0.79	0.78	0.77	0.83	0.81	0.81	0.82	0.78	0.82	0.82	0.83	0.84	0.86	0.83	0.91	1.01	1.11	1.38	1.87	2.85	4.63	7.65	12.52	18.63	24.89	29.38	31.9	33.12	33.92	34.31	34.56	34.63	34.71	34.74	34.71	34.82	34.79	34.73	34.73	34.66	34.62	34.67	34.6	34.56	34.44	34.59
F16	0.86	0.85	0.85	0.89	0.88	0.88	0.86	0.92	0.87	0.89	0.92	0.93	0.91	0.97	0.91	0.91	0.88	0.93	1.02	1.06	1.27	1.58	2.2	3.33	5.5	9.09	14.73	21.66	28.39	32.98	35.22	36.45	37.12	37.56	37.84	37.8	37.92	38.09	38.02	38.02	37.98	38.12	38.05	38.1	37.87	37.88	37.83	37.89	37.79	37.73
E17	1.6	1.69	1.72	1.73	1.76	1.69	1.7	1.77	1.69	1.71	1.74	1.7	1.74	1.75	1.7	1.71	1.75	1.71	1.71	1.72	1.75	1.79	1.75	1.77	1.79	1.82	1.88	1.93	2.07	2.23	2.68	3.26	4.15	5.39	6.92	8.75	10.54	12.39	14.21	15.99	17.63	19.07	20.47	21.55	22.67	23.57	24.5	25.17	25.94	26.66
F17	1.61	1.67	1.68	1.71	1.7	1.67	1.66	1.67	1.63	1.68	1.65	1.67	1.64	1.65	1.68	1.63	1.61	1.66	1.66	1.64	1.67	1.7	1.7	1.75	1.83	1.9	2.17	2.46	3.1	4.24	5.84	8.05	10.7	13.56	16.18	18.64	20.97	22.92	24.72	26.17	27.68	28.78	29.77	30.78	31.5	32.28	32.93	33.46	33.98	34.5
E18	1.53	1.53	1.58	1.6	1.63	1.6	1.59	1.61	1.59	1.58	1.59	1.55	1.57	1.6	1.61	1.63	1.57	1.56	1.62	1.61	1.62	1.68	1.7	1.82	1.99	2.27	2.94	3.99	6.03	9.44	14.26	19.6	23.73	26.58	28.66	30.47	31.91	33.22	34.29	35.28	35.85	36.58	37	37.61	38.11	38.42	38.71	39.2	39.51	39.53
F18	1.64	1.68	1.73	1.72	1.7	1.72	1.68	1.74	1.71	1.74	1.73	1.71	1.75	1.74	1.68	1.7	1.71	1.72	1.77	1.72	1.77	1.76	1.85	1.94	2.16	2.47	3.2	4.56	6.79	10.52	15.58	20.96	25.03	28.28	30.71	32.85	34.53	36.07	37.01	38.1	38.98	39.68	40.36	40.86	41.36	41.71	42.06	42.36	42.69	42.97
E19	1.1	1.15	1.14	1.14	1.14	1.13	1.15	1.18	1.17	1.13	1.15	1.13	1.17	1.23	1.16	1.22	1.17	1.16	1.25	1.21	1.26	1.25	1.22	1.31	1.4	1.54	1.85	2.39	3.49	5.38	8.7	13.66	19.79	24.95	28.4	30.84	32.43	33.86	35.06	35.9	36.7	37.36	37.83	38.39	38.67	39.04	39.34	39.61	39.81	40.03
F19	1.02	1.02	1.08	1.07	1.11	1.1	1.1	1.12	1.08	1.09	1.12	1.14	1.1	1.09	1.08	1.07	1.06	1.14	1.12	1.12	1.16	1.12	1.19	1.25	1.37	1.55	1.91	2.59	3.91	6.29	10.03	15.28	20.62	24.46	26.81	28.5	29.8	30.77	31.71	32.37	32.95	33.46	33.97	34.28	34.45	34.81	35.13	35.29	35.39	35.53
E20	1.04	1.1	1.11	1.13	1.15	1.08	1.09	1.14	1.08	1.08	1.11	1.08	1.11	1.09	1.12	1.15	1.1	1.13	1.17	1.14	1.21	1.21	1.18	1.28	1.36	1.43	1.65	2.1	2.95	4.53	7.26	11.75	17.68	23.36	27.3	29.64	31.43	32.68	33.73	34.7	35.45	36.11	36.51	36.96	37.22	37.77	37.95	38.32	38.52	38.8
F20	1.02	1.03	1.03	1.04	1.04	1.05	1.02	1.1	1.05	1.06	1.09	1.08	1.13	1.09	1.08	1.07	1	1.07	1.13	1.1	1.13	1.11	1.16	1.2	1.26	1.35	1.56	1.95	2.7	4.24	6.82	10.94	16.61	22.34	26.35	28.64	30.4	32.02	33.34	33.97	34.89	35.72	36.18	36.6	37.04	37.39	37.79	37.93	38.23	38.36
E21	1.05	1.07	1.14	1.1	1.11	1.11	1.12	1.09	1.13	1.09	1.16	1.12	1.13	1.16	1.15	1.13	1.15	1.09	1.16	1.16	1.15	1.21	1.21	1.28	1.3	1.4	1.59	1.96	2.57	3.83	6.24	10.11	15.87	22.11	26.68	29.42	31.29	32.82	34	35.07	35.92	36.67	37.16	37.67	38.26	38.62	38.82	39.18	39.54	39.51
F21	1.05	1.08	1.1	1.11	1.12	1.08	1.11	1.15	1.15	1.13	1.13	1.13	1.11	1.14	1.13	1.14	1.13	1.17	1.21	1.15	1.14	1.19	1.21	1.2	1.28	1.36	1.45	1.69	2.19	3.13	4.79	7.84	12.44	18.74	24.44	28.29	30.62	32.46	33.86	34.92	36.07	37.01	37.63	38.14	38.49	39.01	39.3	39.64	40	40.26
E22	1.05	1.02	1.06	1.06	1.09	1.04	1.04	1.08	1.08	1.07	1.08	1.08	1.07	1.11	1.13	1.1	1.08	1.04	1.16	1.11	1.16	1.18	1.2	1.21	1.29	1.33	1.49	1.78	2.36	3.55	5.56	9.08	14.32	20.8	25.93	29.17	31.39	33	34.26	35.25	36.16	36.81	37.51	37.84	38.39	38.73	39.17	39.55	39.75	39.73
F22	0.99	1.04	1.02	1.03	1.07	1.02	1.03	1.05	1.02	1.05	1.09	1.06	1.09	1.09	1.09	1.01	1.04	1.08	1.05	1.04	1.09	1.09	1.11	1.15	1.21	1.23	1.31	1.58	2.03	2.89	4.4	7.04	11.15	16.66	22.01	26.18	28.9	31.1	32.73	34.16	35.18	36.32	36.89	37.54	38.18	38.62	39.08	39.29	39.83	40.04
E23	1.01	1.02	1.09	1.06	1.06	1.05	1.07	1.11	1.06	1.07	1.07	1.07	1.07	1.11	1.1	1.11	1.09	1.09	1.14	1.1	1.11	1.15	1.14	1.18	1.23	1.32	1.51	1.86	2.54	3.75	5.92	9.73	15.03	20.94	25.58	28.65	30.52	32.25	33.41	34.57	35.27	36.15	36.77	37.21	37.6	37.96	38.21	38.56	38.88	39.13
F23	1.09	1.13	1.18	1.18	1.18	1.13	1.18	1.18	1.17	1.2	1.22	1.21	1.21	1.24	1.21	1.17	1.16	1.23	1.24	1.19	1.2	1.26	1.33	1.32	1.39	1.43	1.6	1.92	2.51	3.71	5.93	9.5	15.13	21.77	27.23	30.56	32.89	34.66	35.9	37.17	38.06	38.88	39.4	40.05	40.43	40.89	41.08	41.34	41.77	41.99
E24	1.1	1.13	1.1	1.12	1.2	1.1	1.13	1.17	1.17	1.16	1.16	1.12	1.18	1.18	1.2	1.17	1.16	1.16	1.23	1.16	1.19	1.22	1.21	1.32	1.36	1.49	1.73	2.2	3.16	4.99	8.01	13.09	19.49	25.99	30.49	33.1	35.26	36.7	37.94	38.95	39.76	40.48	41.04	41.57	41.93	42.37	42.92	43.01	43.41	43.48
F24	1.1	1.15	1.17	1.13	1.18	1.16	1.18	1.2	1.18	1.16	1.22	1.19	1.2	1.2	1.22	1.16	1.16	1.19	1.21	1.22	1.22	1.22	1.25	1.25	1.36	1.41	1.55	1.76	2.25	3.22	5.09	8.17	13.01	19.25	24.68	28.22	30.59	32.48	34.01	35.52	36.46	37.39	37.98	38.81	39.33	39.87	40.29	40.59	40.95	41.26
G1	0.83	1.05	1.49	2.33	3.93	6.51	10.37	14.79	18.14	20.37	21.96	23.01	23.96	24.56	25.02	25.46	25.76	26.03	26.34	26.66	26.89	27.04	27.15	27.47	27.54	27.63	27.7	27.89	28.04	28.22	28.2	28.29	28.42	28.57	28.55	28.61	28.72	28.83	28.88	28.93	29.1	29.27	29.35	29.29	29.42	29.37	29.63	29.59	29.59	29.8
H1	1.03	1.37	1.94	3.1	5.34	8.7	13.48	18.73	22.38	24.91	26.57	27.78	28.6	29.36	29.72	30.08	30.47	30.7	30.84	30.95	31.05	31.35	31.42	31.81	32.16	32.2	32.24	32.36	32.52	32.69	32.56	32.83	32.87	32.92	32.96	32.94	32.93	33.06	33.05	32.95	33.01	33.18	33.14	33.16	33.14	33.17	33.1	33.24	33.25	33.41
G2	0.88	0.98	0.99	0.94	1.02	1	1.01	1.04	1.12	1.17	1.28	1.48	1.85	2.7	4.19	6.97	11.34	17.7	24.23	28.54	31.81	33.71	35.24	36.42	37.38	38.1	38.5	38.86	39.32	39.47	39.8	39.91	40.12	40.12	40.21	40.31	40.34	40.38	40.47	40.38	40.44	40.54	40.64	40.51	40.43	40.34	40.45	40.39	40.44	40.41
H2	0.79	0.81	0.8	0.82	0.85	0.84	0.87	0.89	0.92	1	1.11	1.35	1.88	2.85	4.57	7.62	12.35	18.03	23	26.38	28.67	30.37	31.45	32.28	32.92	33.46	33.84	34.2	34.68	34.64	34.85	34.9	34.97	35.18	35.19	35.2	35.28	35.27	35.33	35.41	35.3	35.36	35.3	35.29	35.26	35.33	35.4	35.44	35.2	35.37
G3	0.88	0.91	0.89	0.93	0.94	0.87	0.92	0.93	0.95	0.98	0.98	0.91	0.98	0.99	1.04	1.17	1.3	1.67	2.35	3.62	5.96	9.76	15.28	21.36	25.88	29.02	31.13	32.74	33.97	34.73	35.39	35.72	36.32	36.68	36.87	36.99	37.04	37.22	37.24	37.45	37.35	37.57	37.65	37.5	37.45	37.69	37.48	37.58	37.56	37.48
H3	0.81	0.81	0.86	0.83	0.84	0.84	0.88	0.87	0.88	0.87	0.87	0.85	0.89	0.94	0.94	1.12	1.33	1.74	2.6	4.02	6.71	11.03	16.73	21.84	25.46	27.81	29.56	30.64	31.65	32.37	32.85	33.31	33.54	33.87	34.13	34.22	34.39	34.41	34.65	34.73	34.73	34.89	34.68	34.88	34.82	34.74	34.98	34.92	34.91	34.87
G4	0.91	0.98	0.99	1	1.01	0.97	1	0.96	0.97	0.99	0.95	0.98	1	1	1.04	1.08	1.14	1.3	1.54	2.08	3.03	4.84	8	13.06	19.78	25.68	29.88	32.54	34.52	35.85	36.91	37.71	38.21	38.92	39.18	39.44	39.7	39.89	40.08	40.18	40.22	40.36	40.46	40.51	40.42	40.41	40.53	40.65	40.66	40.64
H4	0.92	0.93	0.95	0.92	0.95	0.93	0.97	0.97	1	1	0.96	0.96	1	1	1	1.08	1.11	1.19	1.44	1.84	2.64	4.21	6.95	11.5	18.08	24.63	29.58	32.77	35.03	36.53	37.65	38.69	39.46	39.88	40.28	40.65	40.96	40.94	41.18	41.26	41.5	41.54	41.75	41.66	41.65	41.65	41.82	41.69	41.9	41.66
G5	0.9	0.98	0.98	1.01	1.01	0.96	0.98	0.98	1.02	1	0.99	0.95	1.01	1.01	1.01	1.06	1.07	1.2	1.4	1.68	2.34	3.53	5.82	9.54	15.24	21.99	27.13	30.85	33.35	35.02	36.18	37.1	37.83	38.51	38.91	39.34	39.72	39.88	40.02	40.1	40.36	40.18	40.55	40.46	40.39	40.53	40.43	40.53	40.54	40.58
H5	0.91	0.95	0.98	0.94	0.97	0.97	1	0.96	1	0.97	0.98	0.96	0.96	0.98	1	1.07	1.06	1.15	1.34	1.68	2.28	3.5	5.73	9.51	15.48	22.14	27.64	31.28	33.76	35.47	36.86	37.73	38.68	39.17	39.76	39.91	40.06	40.23	40.64	40.83	40.94	40.95	40.94	41.18	41	41.16	41.07	41.25	41.06	41.23
G6	0.88	0.88	0.91	0.91	0.93	0.88	0.92	0.89	0.95	0.93	0.91	0.91	0.9	0.9	0.97	0.97	1	1.09	1.26	1.58	2.19	3.25	5.35	8.91	13.95	19.77	24.08	27.07	29.15	30.33	31.57	32.24	32.85	33.34	33.78	34.06	34.38	34.48	34.64	34.65	34.85	34.9	34.96	34.93	34.94	35.15	34.98	35.02	35.02	35.13
H6	0.83	0.87	0.81	0.85	0.84	0.87	0.87	0.89	0.91	0.89	0.92	0.87	0.89	0.93	0.89	0.96	0.93	1.06	1.21	1.46	1.99	3.03	4.94	8.2	13.14	19.05	23.8	27.06	29.3	30.97	32.06	32.97	33.64	34.16	34.6	34.85	35.1	35.22	35.38	35.53	35.63	35.68	35.82	35.77	35.76	35.74	35.92	35.82	35.94	35.71
G7	0.79	1	1.08	1.06	1.06	1.06	1.03	1.07	1.07	1.1	1.06	1.1	1.1	1.11	1.11	1.13	1.17	1.3	1.48	1.75	2.39	3.6	5.81	9.66	15.44	22.14	27.49	30.87	33.26	35.04	36.15	37.17	38.07	38.5	38.89	39.31	39.65	39.73	39.93	40	40.21	40.4	40.35	40.46	40.39	40.48	40.62	40.5	40.49	40.4
H7	0.9	0.91	0.89	0.93	0.95	0.92	0.96	0.96	0.99	0.96	0.96	0.95	0.94	1	0.96	1.03	1.05	1.11	1.28	1.54	2.05	3.18	5.18	8.59	13.95	20.05	25.38	28.97	31.34	33.05	34.22	35.1	35.96	36.54	36.94	37.15	37.48	37.65	37.84	38.12	38.06	38.06	38.19	38.37	38.31	38.41	38.46	38.49	38.4	38.31
G8	0.74	0.78	0.79	0.77	0.8	0.77	0.75	0.77	0.83	0.81	0.82	0.79	0.84	0.8	0.78	0.84	0.9	0.94	1.04	1.32	1.74	2.65	4.25	7.14	11.34	16.54	20.55	23.31	25.17	26.38	27.37	28.21	28.71	29.19	29.5	29.91	29.99	30.3	30.39	30.44	30.52	30.74	30.73	30.72	30.81	30.89	30.73	30.8	30.89	30.76
H8	0.77	0.79	0.77	0.8	0.83	0.78	0.81	0.84	0.84	0.85	0.84	0.8	0.85	0.9	0.86	0.9	0.94	0.98	1.19	1.47	1.94	2.97	4.99	8.22	13.07	18.75	23.43	26.5	28.64	30.15	31.28	32.09	32.77	33.28	33.66	33.97	34.17	34.4	34.45	34.76	34.67	34.88	34.81	34.92	34.88	34.76	34.94	35.03	34.89	34.93
G9	1.52	2.39	3.77	6.12	9.68	13.9	17.93	20.35	21.53	21.58	21.46	21.44	21.46	21.32	21.3	21.18	21.24	21.33	21.2	21.17	21.15	21.18	21.1	21.13	21.16	21.14	21.1	21.07	21.18	21.16	21.08	21.08	21.13	21.2	21.19	21.16	21.23	21.13	21.2	21.1	21.16	21.22	21.18	21.19	21.17	21.13	21.31	21.2	21.1	21.01
H9	1.77	2.65	4.32	7.03	11.21	16.58	21.41	24.44	25.89	26.24	26.11	26.08	25.92	26.04	25.79	25.91	25.92	25.87	25.79	25.78	25.77	25.77	25.78	25.77	25.7	25.66	25.7	25.79	25.71	25.71	25.7	25.65	25.7	25.61	25.71	25.69	25.71	25.67	25.62	25.67	25.62	25.68	25.59	25.65	25.66	25.64	25.65	25.53	25.68	25.52
G10	0.71	0.74	0.78	0.81	0.85	0.89	1.1	1.38	1.96	2.99	4.86	7.85	12.41	17.54	21.76	24.15	25.04	25.25	25.32	25.06	25.11	25.08	25.1	25.08	25.04	24.96	24.98	24.96	25.1	24.89	24.95	24.86	24.89	24.87	24.95	24.93	24.9	24.89	24.88	24.86	24.96	24.79	24.86	24.97	24.8	24.75	24.86	24.86	24.86	24.85
H10	0.8	0.8	0.86	0.9	1.05	1.17	1.45	1.93	2.93	4.58	7.17	10.86	15.17	18.94	21.06	21.91	22.08	21.99	22.09	22	21.89	21.89	21.85	21.9	21.91	21.82	21.84	21.93	21.91	21.8	21.89	21.87	21.91	21.82	21.8	21.88	21.82	21.86	21.92	21.79	21.89	21.91	21.77	21.9	21.8	21.83	21.83	21.87	21.82	21.83
G11	0.97	1	0.99	1	1.02	1	0.96	0.99	1.06	1.1	1.05	1.1	1.17	1.21	1.44	1.76	2.38	3.52	5.6	8.82	13.85	19.67	24.7	27.83	28.87	28.99	28.98	29.03	28.92	28.91	28.96	28.83	28.88	28.8	28.78	28.77	28.76	28.81	28.72	28.67	28.73	28.75	28.74	28.75	28.66	28.64	28.59	28.67	28.7	28.64
H11	0.81	0.82	0.85	0.8	0.84	0.84	0.85	0.85	0.87	0.87	0.89	0.9	0.92	0.98	1.05	1.16	1.39	1.86	2.73	4.26	6.89	10.76	15.54	20.14	23.2	24.38	24.7	24.58	24.57	24.36	24.43	24.39	24.18	24.47	24.38	24.32	24.24	24.21	24.3	24.29	24.36	24.34	24.2	24.29	24.36	24.26	24.3	24.36	24.36	24.35
G12	0.82	0.86	0.86	0.83	0.88	0.86	0.87	0.82	0.89	0.88	0.9	0.93	0.88	0.91	0.86	0.9	0.93	0.97	1.01	1.05	1.22	1.48	1.89	2.9	4.52	7.42	11.68	17.13	22.36	25.7	26.99	27.26	27.23	27.22	27.23	26.99	27.01	27.02	26.93	26.88	26.9	26.92	26.88	26.91	26.76	26.66	26.75	26.75	26.84	26.75
H12	0.77	0.79	0.77	0.74	0.77	0.78	0.78	0.79	0.78	0.77	0.81	0.75	0.78	0.78	0.78	0.81	0.85	0.83	0.88	1.05	1.16	1.51	2.11	3.28	5.23	8.36	12.52	17.05	20.23	21.84	22.22	22.12	21.96	22.02	21.96	21.84	21.81	21.8	21.68	21.71	21.58	21.54	21.63	21.54	21.6	21.48	21.54	21.52	21.48	21.56
G13	0.89	0.93	0.93	0.94	0.95	0.91	0.95	0.93	0.99	0.94	0.94	0.97	0.97	1.01	0.96	0.97	0.96	0.97	1.02	1.01	1.07	1.14	1.24	1.48	1.96	2.75	4.25	6.87	10.92	16.55	22.39	26.71	28.79	29.56	29.56	29.36	29.38	29.28	29.14	29.15	29.1	29.14	29.18	29.11	29.01	29.07	28.96	29.06	29.04	29.1
H13	0.85	0.86	0.88	0.86	0.89	0.86	0.87	0.87	0.9	0.91	0.91	0.89	0.9	0.92	0.93	0.94	0.94	0.9	0.9	0.94	0.95	1.01	1.02	1.14	1.43	1.8	2.57	3.98	6.45	10.41	15.92	22.03	26.58	29.03	29.56	29.68	29.52	29.45	29.36	29.34	29.35	29.44	29.36	29.37	29.29	29.29	29.51	29.42	29.42	29.47
G14	0.82	0.85	0.88	0.9	0.9	0.83	0.88	0.86	0.89	0.94	0.88	0.91	0.89	0.9	0.92	0.88	0.92	0.96	0.99	0.96	1.03	1.11	1.29	1.62	2.23	3.38	5.43	8.79	13.68	19.3	23.81	26.25	27.06	27.19	27.08	27.04	26.93	27	26.88	26.79	26.78	26.86	26.76	26.88	26.76	26.8	26.72	26.74	26.72	26.71
H14	0.81	0.84	0.82	0.82	0.85	0.81	0.87	0.85	0.88	0.84	0.9	0.84	0.83	0.88	0.88	0.87	0.89	0.89	0.9	0.94	0.98	1.08	1.23	1.55	2.19	3.36	5.39	8.82	13.73	19.39	23.87	26.34	27.18	27.35	27.06	26.97	27	26.89	26.84	26.78	26.82	26.72	26.74	26.78	26.73	26.64	26.65	26.66	26.66	26.65
G15	0.95	0.98	0.98	0.97	0.98	0.95	0.98	0.95	1	1.05	0.99	0.97	1	1	1.01	1	1.04	1.03	1.02	1.03	1.06	1.08	1.07	1.19	1.38	1.67	2.18	3.23	4.94	8.18	12.94	18.97	24.65	28.15	29.88	30.27	30.35	30.37	30.38	30.39	30.46	30.46	30.65	30.58	30.77	30.8	30.89	30.95	31.01	31.21
H15	0.85	0.83	0.87	0.86	0.86	0.86	0.89	0.87	0.87	0.84	0.92	0.84	0.87	0.9	0.89	0.91	0.93	0.87	0.93	0.91	0.92	0.97	0.97	1.09	1.24	1.53	2.03	3.07	4.78	7.79	12.31	17.9	22.82	25.94	27.28	27.52	27.69	27.53	27.49	27.69	27.58	27.64	27.6	27.61	27.62	27.54	27.66	27.7	27.89	27.84
G16	0.84	0.87	0.89	0.87	0.88	0.91	0.89	0.91	0.88	0.9	0.9	0.89	0.85	0.89	0.89	0.94	0.89	0.89	0.9	0.95	0.98	1.02	1.08	1.27	1.59	2.16	3.24	5.23	8.55	13.58	19.86	25.47	29.02	30.6	30.72	30.72	30.73	30.6	30.64	30.5	30.47	30.36	30.47	30.53	30.44	30.43	30.45	30.41	30.55	30.53
H16	0.78	0.8	0.83	0.86	0.82	0.83	0.85	0.84	0.86	0.81	0.84	0.82	0.86	0.87	0.85	0.89	0.85	0.85	0.85	0.84	0.88	0.91	1.01	1.15	1.47	2.01	3.03	4.86	8.01	12.66	18.37	23.45	26.59	27.9	28.15	28.12	28.07	27.94	28.09	28.07	28.01	28.14	28.14	28.13	28.19	28.14	28.25	28.27	28.35	28.39
G17	1.52	1.61	1.63	1.61	1.65	1.61	1.61	1.61	1.62	1.64	1.62	1.62	1.67	1.63	1.6	1.65	1.65	1.69	1.82	1.97	2.32	2.9	3.96	5.87	8.57	11.73	15.13	18.01	20.47	22.5	24.28	25.7	26.82	27.78	28.56	29.17	29.82	30.33	30.67	31.1	31.22	31.46	31.63	31.67	31.7	31.83	31.92	31.9	32.1	32.06
H17	1.49	1.59	1.59	1.61	1.64	1.59	1.62	1.63	1.6	1.59	1.59	1.6	1.6	1.62	1.58	1.64	1.66	1.67	1.76	1.9	2.23	2.86	3.92	5.74	8.34	11.5	14.82	17.89	20.43	22.7	24.44	25.88	27.15	28.18	29.13	29.79	30.33	30.96	31.29	31.64	31.93	32.16	32.33	32.58	32.59	32.76	32.73	32.77	32.94	33.01
G18	1.25	1.33	1.32	1.3	1.33	1.34	1.29	1.3	1.33	1.33	1.33	1.28	1.31	1.31	1.38	1.36	1.39	1.47	1.63	1.93	2.51	3.56	5.51	8.66	13.13	18	21.84	24.9	27.05	28.55	29.76	30.65	31.57	32.02	32.6	32.98	33.24	33.4	33.52	33.69	33.78	33.9	34.07	34.14	34.18	34.18	34.1	34.09	34.18	34.27
H18	1.23	1.31	1.32	1.31	1.3	1.31	1.33	1.3	1.32	1.28	1.33	1.3	1.33	1.33	1.35	1.32	1.39	1.44	1.61	1.92	2.45	3.47	5.32	8.38	12.95	17.85	22.17	25.37	27.7	29.37	30.84	31.87	32.63	33.35	34	34.26	34.56	34.84	35.08	35.26	35.36	35.44	35.42	35.73	35.52	35.6	35.57	35.6	35.65	35.74
G19	0.97	1.03	1	1.02	1.07	1.05	1.03	1.01	1.04	1.06	1.06	1.04	1.06	1.09	1.1	1.1	1.12	1.2	1.36	1.64	2.23	3.28	5.28	8.61	13.6	19.17	23.6	26.65	28.65	30.06	31.17	31.9	32.72	33.15	33.42	33.76	34.03	34.27	34.38	34.33	34.54	34.55	34.48	34.54	34.66	34.55	34.5	34.66	34.61	34.62
H19	0.99	1	1.08	1.03	1.03	1.03	1.06	1.02	1.05	1.05	1.09	1.07	1.05	1.09	1.04	1.14	1.14	1.21	1.41	1.7	2.26	3.39	5.42	8.79	13.81	19.66	24.25	27.49	29.6	31.21	32.37	33.26	33.84	34.4	34.68	34.95	35.17	35.4	35.58	35.75	35.74	35.75	36	35.98	35.88	36.01	35.96	35.9	36	35.97
G20	0.92	0.95	0.99	0.99	1	0.99	0.99	1.01	0.99	0.96	0.97	1.01	1.02	1.06	0.98	0.98	1.01	1.16	1.3	1.57	2.17	3.18	5.12	8.49	13.39	19.27	23.91	27.04	29.28	30.73	32.05	32.78	33.46	33.91	34.41	34.58	34.89	35.03	35.16	35.33	35.4	35.45	35.56	35.53	35.51	35.48	35.43	35.64	35.55	35.59
H20	0.9	0.93	0.9	0.93	0.96	0.92	0.99	0.93	0.97	0.94	1	0.93	0.93	1.01	0.94	0.99	1.05	1.06	1.24	1.52	2	3.13	4.92	8.18	13.05	18.78	23.26	26.44	28.42	30.01	31.13	31.91	32.5	33.06	33.42	33.72	33.88	34.08	34.04	34.28	34.3	34.45	34.53	34.49	34.49	34.53	34.53	34.53	34.56	34.73
G21	1.03	1.06	1.03	1.05	1.06	1.08	1.05	1.09	1.07	1.08	1.08	1.06	1.08	1.1	1.12	1.08	1.15	1.29	1.43	1.75	2.36	3.49	5.64	9.4	14.91	21.27	26.53	30.06	32.52	34.23	35.37	36.35	37.11	37.6	38.05	38.31	38.57	38.81	39.11	39.16	39.23	39.31	39.35	39.31	39.43	39.49	39.5	39.48	39.51	39.42
H21	0.98	1	0.99	1.02	1.05	1.02	1.05	1	1.05	1.03	1.09	1.01	1.04	1.07	1.07	1.12	1.13	1.17	1.36	1.64	2.2	3.34	5.33	8.75	13.96	20.42	25.57	28.92	31.4	32.89	34.21	35.01	35.69	36.05	36.66	36.9	37.18	37.28	37.45	37.54	37.47	37.58	37.53	37.66	37.66	37.76	37.64	37.6	37.64	37.53
G22	1.03	1.07	1.06	1.1	1.09	1.06	1.08	1.12	1.11	1.12	1.11	1.07	1.11	1.14	1.16	1.16	1.18	1.36	1.5	1.84	2.46	3.67	5.95	9.87	15.8	22.73	28.43	32.3	34.74	36.67	38	38.87	39.56	40.16	40.53	40.82	41.18	41.25	41.35	41.67	41.72	41.72	41.95	41.73	41.81	41.68	41.76	41.73	41.8	41.73
H22	0.89	0.96	0.97	0.99	0.96	0.98	1.04	0.98	1.04	1.01	1	0.95	1.01	1.02	1.01	1.04	1.09	1.15	1.33	1.55	2.05	3.09	4.78	7.73	12.39	17.8	22.47	26.29	28.85	30.73	32.17	33.26	34.14	34.9	35.22	35.6	35.88	36.14	36.27	36.33	36.41	36.55	36.69	36.62	36.62	36.79	36.82	36.7	36.73	36.67
G23	0.96	0.99	1	1.04	1.01	1.02	1.04	1.04	1.05	1.07	1.04	1.06	1.11	1.04	1.1	1.13	1.1	1.25	1.41	1.67	2.28	3.43	5.47	9.04	14.45	20.82	26.19	29.53	32.11	33.64	34.92	35.91	36.51	37	37.36	37.91	38.03	38.29	38.53	38.45	38.67	38.75	38.66	38.82	38.73	38.87	38.68	38.83	38.85	38.76
H23	0.99	1.01	1.07	1.04	1.06	1.06	1.1	1.08	1.15	1.08	1.11	1.07	1.07	1.09	1.09	1.16	1.18	1.24	1.44	1.74	2.39	3.62	5.82	9.61	15.36	21.9	27.32	30.67	33.29	34.87	36.15	37.1	37.74	38.38	38.54	39.07	39.25	39.43	39.74	39.93	39.88	39.81	39.79	40.02	40.04	40.09	40.04	40.12	40.12	40.07
G24	0.93	0.95	0.95	1.01	0.99	0.95	0.96	1.01	1.03	1	1.02	0.99	1.02	1	1	1.03	1.03	1.12	1.27	1.55	2.02	2.91	4.67	7.62	12.18	17.62	22.26	25.23	27.59	28.92	30.19	30.97	31.55	32.04	32.43	32.56	32.62	32.96	32.97	33.02	33.22	33.33	33.39	33.26	33.34	33.33	33.17	33.4	33.41	33.5
H24	0.98	0.98	1	1.02	0.99	1.05	0.98	1.01	1.06	1.01	1.04	1.03	1.01	1.07	1.05	1.11	1.15	1.14	1.32	1.61	2.1	3.16	5.06	8.29	13.14	19.35	24.5	28.17	30.56	32.34	33.59	34.54	35.15	35.63	36.09	36.45	36.54	36.63	36.75	36.77	36.91	37.09	36.88	37.04	37	36.96	37.03	37.12	37.09	36.9
I1	0.64	0.73	0.73	0.76	0.73	0.77	0.71	0.76	0.72	0.72	0.69	0.81	0.7	0.79	0.74	0.79	0.84	0.93	1.11	1.6	2.27	3.49	5.72	9.04	13.1	16.9	19.8	21.58	22.73	23.66	24.19	24.65	25.13	25.52	25.58	25.69	25.86	26.04	26.22	26.29	26.36	26.4	26.4	26.62	26.65	39.83	39.88	39.88	39.95	40
J1	0.77	0.77	0.75	0.77	0.77	0.83	0.76	0.85	0.82	0.8	0.78	0.83	0.8	0.92	0.97	1.21	1.56	2.21	3.53	5.73	9.29	14.02	19.24	23.29	25.66	27.1	27.93	28.63	29.05	29.21	29.64	29.57	29.71	29.9	29.93	29.87	30	29.96	29.86	29.87	30.05	29.93	29.96	29.91	29.95	44.89	45.02	44.9	44.9	45.06
I2	0.71	0.71	0.76	0.74	0.74	0.81	0.77	0.79	0.81	0.84	0.75	0.81	0.79	0.8	0.77	0.86	0.87	0.96	1.1	1.42	2	2.92	4.69	7.59	10.95	14.19	16.76	18.51	20.08	21.02	21.84	22.55	23.09	23.59	23.89	24.14	24.48	24.57	24.79	24.94	25.06	25.31	25.29	25.39	25.56	42.63	42.63	42.59	42.69	42.74
J2	0.98	1.06	0.96	0.96	1.01	0.99	0.97	1.01	1.01	1.03	0.97	0.97	0.97	0.99	1.06	1.09	1.04	1.04	1.09	1.02	1.08	1.04	1.13	1.03	1.06	1.06	1.04	1.19	1.24	1.43	1.75	2.46	3.54	5.45	8.52	12.2	15.65	17.93	19.49	20.49	21.26	21.96	22.63	23	23.42	38.31	38.32	38.36	38.36	38.38
I3	1.01	1.11	1.16	1.14	1.15	1.13	1.13	1.22	1.17	1.26	1.24	1.31	1.23	1.3	1.25	1.27	1.25	1.32	1.3	1.36	1.41	1.4	1.43	1.54	1.54	1.83	2.28	2.94	4.41	6.62	10.07	13.98	17.18	19.35	20.27	20.72	20.82	20.78	20.76	20.7	20.8	20.72	20.71	20.78	20.74	34.56	34.62	34.59	34.61	34.65
J3	1.63	1.66	1.62	1.62	1.6	1.7	1.66	1.7	1.7	1.7	1.75	1.83	1.93	2.27	2.83	3.74	5.49	8.07	11.16	13.88	15.77	17.49	18.6	19.68	20.19	20.86	21.27	21.77	22.04	22.42	22.62	22.89	23.04	23.24	23.35	23.52	23.5	23.73	23.78	23.74	23.82	23.9	23.91	24.09	24.02	37.78	37.86	37.91	37.87	37.87
I4	0.78	0.8	0.83	0.83	0.83	0.82	0.85	0.83	0.84	0.86	0.81	0.81	0.86	0.86	0.86	0.9	0.84	0.93	0.97	1.08	1.26	1.48	1.96	2.72	3.8	5.31	6.74	7.88	8.87	9.46	10.01	10.43	10.87	11.21	11.48	11.76	12.05	12.2	12.42	12.7	12.79	12.93	13.08	13.19	13.26	21.97	21.93	22	21.99	22.05
J4	0.86	0.86	0.82	0.93	0.84	0.85	0.85	0.91	0.85	0.87	0.85	0.85	0.85	0.9	0.87	0.9	0.94	0.92	0.98	0.96	1.09	1.16	1.4	1.78	2.52	3.91	6.15	9.24	12.78	15.48	17.76	19.63	21.01	22	23.01	23.92	24.53	25.01	25.65	25.98	26.21	26.46	26.9	26.97	27.12	43.15	43.07	43.21	43.17	43.37
I5	0.91	1.03	0.99	1.04	1.06	1.07	1.04	1	1.04	1.02	1	1.04	1.03	1.03	1.05	1.03	1.01	1.03	1.07	1.03	1.11	1.15	1.19	1.36	1.57	2	2.81	4.37	6.86	10.18	13.63	16.18	17.84	19.33	20.23	21.01	21.59	22.12	22.56	22.92	23.13	23.24	23.63	23.87	23.92	39.73	39.81	39.83	39.74	39.85
J5	5.84	6.44	6.39	6.24	6.32	6.28	6.24	6.24	6.25	6.36	6.41	6.73	7.32	8.31	10.11	13.28	17.76	22.42	25.82	27.73	29.35	30.5	31.37	32.24	32.76	33.27	33.62	34.07	34.32	34.35	34.87	34.98	34.99	35.27	35.17	35.52	35.38	35.49	35.57	35.79	35.73	35.82	35.91	35.87	35.8	51.79	51.78	51.79	51.79	51.78
I6	0.98	1.06	1.09	1.03	1.09	1.06	1.07	1.05	1.11	1.09	1.01	1.07	1.06	1.06	1.12	1.1	1.08	1.16	1.04	1.04	1.18	1.12	1.08	1.12	1.09	1.14	1.1	1.09	1.11	1.14	1.11	1.12	1.12	1.16	1.16	1.14	1.13	1.14	1.14	1.13	1.15	1.17	1.17	1.17	1.15	2.65	2.68	2.66	2.68	2.69
J6	0.93	1.03	0.96	0.98	0.98	0.99	1	1.07	1.02	0.94	1	0.92	0.9	1.01	1.01	0.97	1.05	1.11	1.27	1.5	1.91	2.73	4.17	6.8	10.67	15.46	19.46	22.3	24.5	26.11	27.34	28.37	29.07	29.7	30.19	30.74	30.95	31.22	31.53	31.58	31.77	31.92	32.13	32.34	32.32	50.58	50.41	50.51	50.62	50.57
