1	A1	25.75453827	21.71461817	10.57926818	5.199427037	3.679413096	4.329246303	-5.617270237	0.69069086	0.299392819	-0.602444394	-8.126214483	-10.15797637	-5.16617866	-9.730414318	-11.31121037	-5.747215247	-7.672488411	-4.756260377	-0.202113232	8.785926783	26.04006322	51.1612772	97.67020156	183.5667347	308.2493294	507.6209768	801.2769314	1159.666944	1535.470037	1856.366874	2093.722705	2243.307363	2347.419776	2430.295811	2504.896261	2562.749182	2608.903333	2646.631649	2677.722086	2701.524771
1	B1	10.60371113	10.33030645	6.49439409	5.486121855	7.667564916	4.704880155	0.9428931	-1.09954093	-3.688552182	-4.498625543	-2.036052932	-5.74496046	-5.439180718	-7.896681596	-6.025924233	-2.785458052	-11.63104861	-5.645823118	3.707472096	2.536334963	28.74416049	55.13815049	107.049761	191.711015	337.0894779	554.0402688	875.9410448	1286.114718	1726.275171	2114.910859	2405.107344	2596.525488	2719.951964	2823.103664	2912.260069	2983.006664	3035.535602	3080.407117	3112.368538	3130.425259
1	C1	14.76972882	14.20808472	8.710879136	5.092755691	2.74557775	5.200929676	2.905433743	-2.50593458	2.134879834	-0.602170936	-3.179926901	-4.757262804	-5.387423589	-5.956158548	0.361322933	-5.554912665	-3.594663616	-6.056587755	-10.46956794	-7.228921451	-3.926528814	2.615114177	6.027275401	29.30511874	61.87883608	129.8570554	254.0301457	494.2684607	879.3438665	1460.633998	2077.681755	2602.577462	2976.552471	3199.859847	3322.159286	3395.851712	3452.679835	3496.784085	3530.525376	3552.025836
1	D1	9.24628353	10.99472265	2.131685022	4.044690105	-0.904223934	7.287312724	0.970992467	-2.907619282	0.913850084	0.789642865	-0.369314318	0.676867543	-1.388978314	-6.365034652	-3.490444814	-5.016152423	-2.664937341	-1.355703997	-4.336477894	-2.778149421	-2.472487603	4.401313959	17.02135244	38.84118261	75.55288745	156.5366957	310.6685776	577.0333669	1021.693934	1655.050415	2286.713068	2806.499326	3158.658198	3356.332735	3464.657535	3530.839859	3586.582493	3626.895598	3660.774843	3689.537449
1	E1	40.63916314	31.70801493	15.20945401	11.94983641	1.542052083	0.260878775	3.453193787	0.7014019	-7.055698207	-5.561260186	-4.994443481	-8.069927475	-9.842416418	-5.179812319	-4.495406993	-7.418391509	-15.48793412	-12.67729411	-7.150933579	-6.21337172	-3.586944653	2.016811556	11.64975154	33.50487068	74.1513345	160.8009212	308.6805456	569.896747	976.9187897	1530.541183	2048.960175	2478.609245	2784.970907	2976.928913	3095.104267	3167.308352	3214.249083	3248.341217	3271.385311	3289.208347
1	F1	17.21914598	26.17082226	17.93866221	9.32029332	2.040293467	0.097433342	0.310891152	0.859522105	-4.618644744	-3.640976178	-2.724734685	-9.579507402	-9.822804574	-9.399795206	-7.830289409	-10.98369079	-8.319295765	-13.55837246	-4.315314689	-8.316244117	-4.609754709	1.350580526	12.36221373	34.24543934	80.01590223	154.3502086	293.1653836	552.2241784	952.1552832	1491.406897	2022.698961	2470.905067	2792.740737	2997.906609	3121.652053	3199.32381	3253.218278	3290.504381	3316.543618	3334.780979
1	G1	18.6731148	16.27792828	11.29948477	7.357290622	0.8293091	-1.044806118	0.289010905	1.123054054	-2.224539617	-3.958547889	-0.772787057	-3.56491408	-8.351081556	-2.521852465	-5.888432219	-5.168856638	-9.349193109	-4.337058886	-7.519309297	4.511839271	6.563377294	23.29196435	45.24098204	91.22644687	176.8113346	329.8893091	586.6095817	994.5699064	1547.524122	2094.633678	2557.752442	2891.927313	3101.560713	3225.902311	3299.659254	3347.399855	3375.849505	3398.147566	3411.254839	3425.133341
1	H1	26.38188915	13.6262482	8.606941834	3.226314008	6.676867501	1.223183764	-2.929834454	-1.495107306	-1.003144933	-5.589237271	0.295854863	-3.118531788	-1.254245407	-3.755447403	-3.440673314	-2.897461982	-7.52220609	-5.424717741	-5.601525573	0.297067996	7.585145505	19.38655782	39.5299221	77.57434039	163.6941159	306.4211006	554.4239572	950.0785137	1477.309449	2013.377854	2461.976321	2790.325594	2996.756976	3117.5907	3186.382969	3228.427838	3259.392192	3283.348971	3295.685083	3298.766131
1	A2	47.08418005	42.26373149	23.81738144	16.24661238	5.073450635	5.390963905	-3.581033217	-1.255019116	-4.39843735	-5.808866483	-9.625695627	-13.17837639	-13.47968742	-16.7255444	-18.58184208	-14.13243269	-19.92196211	-17.07792689	-7.600199634	6.936801909	18.53357605	53.92940747	109.24271	204.9777693	356.9270106	581.7579978	910.336661	1287.13605	1637.488603	1924.290826	2126.618313	2259.153431	2365.631384	2457.823103	2540.48956	2602.140077	2652.478801	2687.350826	2720.171964	2750.391543
1	B2	28.07004839	31.12330766	8.467969223	10.42326972	0.66927783	-1.599510079	-5.486475844	0.978758316	-1.831937649	-4.61518483	-3.985824433	-6.179696299	-4.263691333	-4.525264172	-4.50986958	-4.220045679	-3.134239028	-1.691703005	3.77870203	19.57807701	38.22745991	64.79709084	119.2746886	211.640197	358.9622857	582.5806605	890.0804218	1282.367725	1671.865904	2002.214155	2243.80376	2393.124118	2501.355434	2590.485423	2672.729583	2734.999948	2784.648927	2822.376788	2854.131302	2880.181068
1	C2	6.690982307	12.72893815	2.174813147	5.142025241	7.663611927	3.929867831	-2.011997154	2.256327871	-0.739316812	-1.335019368	-2.576952252	-1.801336125	-3.26298975	-1.644024864	-4.985243309	-5.81084398	-5.998088124	-2.996207967	-4.610030457	-3.796355605	-1.828320071	-0.7301449	3.077164873	23.3215441	46.16911142	101.2998541	204.8739351	397.2199151	729.0596058	1243.485441	1870.920683	2420.925697	2846.146018	3103.464923	3245.088697	3325.920978	3384.69774	3431.1998	3466.295527	3494.365669
1	D2	7.696560489	6.665570073	3.570558483	3.052203769	3.316931885	2.65142206	3.989853821	-1.526147622	2.948056921	0.765546861	-0.795269906	1.345687975	-0.892384313	-6.129577972	-4.170551649	-7.440494954	-3.318515395	-4.725920171	-1.262143961	-7.35187502	-8.312385857	-1.073652374	11.00045225	21.91746477	59.07042051	121.7491762	244.5636411	466.1798371	847.6881749	1428.435041	2099.689039	2674.642963	3091.761028	3344.73074	3483.85971	3566.01221	3620.274822	3663.401885	3699.652359	3733.405726
1	E2	36.48762375	25.01854058	11.88954509	10.57680014	4.720967316	5.044320227	0.369303443	0.966817918	-1.928423628	-3.592034462	-3.9821088	-9.339843974	-3.651393799	-7.153795853	-4.520539139	-5.481698728	-6.425498301	-12.67000022	-10.73809439	-7.698925703	-9.024340098	-8.752153303	-5.719712916	-0.499004749	13.7437558	40.55302774	92.2758697	181.0940999	342.8652842	602.0324097	958.5824055	1338.56545	1613.042446	1827.059192	1959.817168	2040.863044	2089.973219	2124.672492	2145.895817	2159.966515
1	F2	47.39377954	44.31853826	27.23711332	15.72465895	10.30204315	7.469190463	0.482345947	2.436876013	-3.659043613	-10.65015935	-5.746655124	-10.47128431	-12.73194067	-14.79881131	-13.48117026	-11.49914488	-16.00384686	-13.62655598	-16.78423656	-11.12235245	-11.68836946	-10.17236493	-6.85789035	1.372432024	26.09538913	60.01953455	143.397112	284.569938	528.3493418	927.6223431	1464.965912	2009.448674	2463.037263	2789.160392	2994.286796	3121.547092	3201.072163	3253.751588	3293.400364	3326.458895
1	G2	46.62758963	32.94930564	19.49502389	6.689377123	3.656113389	-1.301856572	0.097266653	2.090774123	-7.770115103	-4.498977292	-3.135761535	-6.474669575	-4.610813248	-10.04271637	-3.377493776	-9.709902185	-9.783807342	-3.520403659	-0.153461537	-4.230128542	-0.031735278	11.52754828	25.87067045	59.02867842	121.6357088	228.5908212	428.1614746	742.8029128	1201.641183	1713.736956	2163.811239	2510.667309	2734.604388	2873.90546	2959.307897	3012.830883	3048.777961	3068.421631	3087.345706	3100.106386
1	H2	23.91834659	20.62979077	9.76872535	6.323951491	2.251359321	-1.506579004	4.636931319	-0.134947753	-0.496075604	-1.356964925	-2.115731701	-5.550814691	-5.573772962	-4.167644955	-6.352723959	-6.499331417	-4.39619698	-3.12312004	-5.910053822	-5.531496914	2.792997908	9.793295782	20.66456436	50.97538453	109.2059721	199.9010023	373.9561857	660.6783563	1090.860552	1608.776604	2076.989634	2455.786271	2710.808093	2864.368998	2957.39096	3013.03203	3051.331431	3074.562157	3092.8184	3106.905363
1	A3	22.77337648	24.0165873	10.98178047	7.892087674	3.009206565	3.12184691	2.03140193	0.746624224	-3.568327334	-6.398884237	-3.86763504	-4.101271779	-7.296306751	-7.486516668	-9.77581447	-9.792719659	-11.33663716	-12.11335077	-4.297996881	-0.50154815	15.33033256	30.00903501	65.09171488	135.954565	230.8234126	406.1228328	656.4318221	1023.779967	1466.39054	1901.68621	2273.553881	2529.840725	2703.737188	2821.257848	2927.669578	3010.563186	3075.258035	3125.740139	3172.486358	3217.506085
1	B3	13.41653802	23.22178858	14.20684257	6.047863677	8.83174772	3.049440002	-0.607823762	-1.582289933	-7.899151273	-4.237173364	-1.287744335	-12.7151573	-8.195582828	-10.62344199	-10.22847382	-11.66075198	-10.89377759	-11.91024259	-2.476333415	4.102467051	12.72993704	30.89548673	76.52666151	137.5559361	239.3903678	405.9935156	654.7606485	1015.524498	1467.808648	1927.463748	2318.478489	2599.149944	2777.598623	2899.897979	3003.36182	3089.543831	3165.753591	3222.535099	3272.764835	3315.745424
1	C3	12.16860974	8.740934962	3.234685022	7.376972302	1.796610568	-0.681739419	2.541074112	2.065556675	-0.421747491	-1.772233011	1.737236385	-1.50629098	0.630063263	-4.391468456	-3.414000883	-3.015508567	-4.00066895	-1.546510659	-3.834768666	-6.18985477	-5.436929972	-8.308442059	3.369688959	6.875118116	21.20662925	54.10242672	103.3644759	212.8359512	404.7892895	756.4983855	1305.71914	2014.123208	2657.553158	3161.974697	3476.8144	3646.971374	3738.039002	3807.860422	3860.090547	3903.17029
1	D3	12.08187771	7.981270862	10.14122256	5.211706564	-0.959663152	0.247135459	1.427271112	1.708674991	-0.99541847	0.53538871	0.75309217	-0.117332039	-6.279714827	-0.397187756	-5.010533442	-3.873666676	-2.204189363	-3.728194659	-6.92869461	-7.493561209	-6.942987664	-6.812574282	2.583829573	8.491435165	25.36215281	58.66459075	132.5434141	271.3690855	512.3472738	932.1274751	1564.707079	2283.518287	2900.531407	3341.540236	3598.324779	3735.406042	3821.178675	3879.065553	3924.937598	3964.606365
1	E3	15.51917516	20.96270943	16.05869609	9.663960275	5.671846205	1.373625501	2.623815657	-3.022241537	-2.347729194	-5.701290365	-0.784268244	-5.711840538	-7.507456194	-9.87912987	-7.644780123	-8.60797156	-11.52637341	-10.74826047	-12.11279027	-9.891047486	-4.541882332	-3.181776588	-0.316028471	11.29191416	40.84018325	91.980748	185.9668601	365.9732311	676.1101132	1177.174043	1816.938656	2422.410222	2923.453956	3276.191701	3493.721975	3626.90993	3712.506388	3767.208443	3806.865195	3838.603978
1	F3	-2.033373703	2.903185138	5.735855225	8.560546074	4.765881172	7.941587605	1.009421641	-3.657898948	3.338830199	-2.09440668	-0.683796918	-5.287993477	-7.318087877	-1.048720667	-9.241031905	-9.288692502	-10.23113994	-10.27215295	-6.30616585	-5.053035976	-11.14272369	-6.33842141	-3.685966243	14.88198449	36.64771801	90.42702826	185.9805849	383.7254846	703.2491092	1204.371817	1872.197603	2479.902546	2977.747433	3324.481789	3541.875421	3669.027159	3748.195904	3794.196358	3831.489654	3859.067367
1	G3	20.96394749	22.32864087	19.29351545	11.78480623	3.280421918	1.271151989	0.412627656	1.083867652	-2.321082166	-6.899601498	-7.270341085	-11.59699761	-8.115186037	-7.265792277	-2.848000189	-5.717374589	-4.204308039	-1.989163849	-1.013601644	-2.651469082	-0.891943105	0.949137712	9.463987577	25.12035805	54.45605049	114.5043239	218.0904457	408.4795006	737.8871377	1225.239625	1860.891653	2441.285528	2924.234668	3257.941296	3467.860083	3590.274958	3667.102974	3713.829033	3743.719787	3766.655957
1	H3	16.06433803	11.4677527	12.05058043	0.300269742	3.270919786	2.29817479	3.070342749	-4.251512823	2.689143813	0.719809363	-3.186104914	-2.907938602	-5.929945219	-6.457546678	-3.175638921	-5.88042858	-4.959844543	-9.850876354	-3.983723233	-3.946780233	-5.527887493	1.964201499	11.52975383	20.71448235	42.88670044	98.80098615	183.4536851	336.5462742	600.4803402	1024.970089	1568.235585	2114.616767	2575.866615	2906.938523	3117.001055	3244.514033	3318.292766	3361.332943	3384.499067	3404.022439
1	A4	0.591856747	28.00737105	15.46692744	10.79316226	5.192155501	4.608562783	-4.729813898	0.674556766	-8.816989031	0.362559908	-7.846593107	-8.943881266	-9.564192071	-11.20775931	-12.43561061	-13.96069846	-12.19576735	-10.3504703	-6.972719044	-0.982473422	14.34436385	40.26516091	80.39029326	159.3446333	268.7034528	460.5401944	742.2889789	1124.196857	1590.486116	2020.289197	2367.873444	2605.345464	2757.796398	2871.619878	2970.971012	3062.124847	3128.126458	3178.082222	3212.415846	3247.421281
1	B4	-0.936122936	16.93524269	17.50956616	9.54631529	6.79795495	8.598141188	3.494359525	0.632253001	-9.013599845	-6.568981462	-6.557293297	-12.58964002	-13.00552816	-17.0655844	-13.2588451	-13.1829284	-9.692842668	-14.51992206	-6.695058329	3.280118622	18.50384789	43.03374628	99.49674328	172.3381849	318.3496695	524.2413602	835.1869744	1265.998808	1766.418359	2229.523613	2606.308673	2853.869125	3015.832975	3127.434471	3232.294155	3315.275844	3390.140719	3445.389839	3489.295283	3521.86752
1	C4	3.351221843	7.477309312	8.977707474	5.560764978	7.085233272	3.680064228	3.640221852	1.370268075	-0.32370406	-2.370899949	-1.888846395	-4.495745351	-3.968792636	-4.17851906	-5.640671173	-8.008726442	-7.75689117	-6.269440352	-8.327451082	-8.913095116	-5.844940191	-4.181244193	0.195583377	11.86147807	33.6960139	78.16200999	168.8921549	322.8905817	614.9115756	1093.112039	1763.498822	2451.409959	3013.400847	3385.540372	3597.007152	3710.305016	3790.777839	3845.923414	3886.407536	3910.817441
1	D4	2.635150285	10.7125452	10.75003641	4.023922405	2.982795212	1.83949077	2.155754176	6.704795849	2.116290784	-3.478554073	0.189975902	-1.938618346	-8.133048681	-1.347728524	-5.736693321	-6.273483874	-8.626115829	-6.138573495	-4.260226045	-11.03591629	-4.977621038	-1.725728432	-0.87718624	9.695918357	32.40129452	73.0906975	158.9532757	311.967034	594.5617362	1069.285985	1755.104194	2481.134847	3075.520132	3481.515486	3710.698204	3836.263003	3913.839904	3969.344228	4015.062556	4052.109433
1	E4	4.360803405	18.75048437	13.18939214	5.241095008	5.290573173	3.80572758	1.390674674	2.067472963	-3.315390253	-1.471789789	0.002925	-6.495890892	-5.09645805	-8.637260851	-7.96676803	-6.234469473	-10.36241347	-11.18957806	-7.154094875	-10.18221934	-10.09977439	-6.217218269	-4.342685458	2.507711003	13.63305162	35.56149933	77.96059006	169.7433733	328.0428188	607.3455386	1068.783043	1684.275148	2307.867114	2828.658003	3194.332552	3426.929235	3568.973476	3656.938225	3715.164885	3755.927246
1	F4	8.337705573	23.65027017	19.96408585	10.71448754	2.42021758	6.396424478	2.442705402	0.214691756	-1.211446681	-3.12491859	-6.889607132	-5.334535988	-11.61019698	-3.95901183	-8.484002349	-12.41504602	-9.394146076	-8.871482476	-16.72638383	-14.26365629	-5.466188583	-11.18527058	-6.606885133	3.601013565	19.19802204	46.30479053	102.5102014	203.4865906	397.2571395	744.8355043	1259.085655	1919.427919	2520.04081	3004.303705	3336.475977	3537.974141	3658.558713	3734.246404	3788.871626	3829.294484
1	G4	-0.344332315	6.690459142	6.049984128	6.032666129	3.441836235	3.43595802	1.663911679	-5.203749634	-1.313176181	-1.779555111	1.978783304	-2.134250218	-2.181136363	-2.695784015	-7.075000388	-4.471321561	-3.194579357	-6.004893693	-7.059211206	-2.53260756	-2.961819166	1.237308095	3.703925584	22.82963097	41.91608715	88.2262205	167.7292627	324.1035656	587.9045007	1016.102777	1615.711597	2285.611935	2862.536154	3288.698588	3566.101043	3731.828178	3829.405344	3889.531145	3928.105328	3959.38821
1	H4	19.79588593	21.12925654	12.68434688	7.110936752	3.254887079	2.841415458	1.508725153	2.415135759	-0.583807719	-0.736261942	-1.961228383	-5.510090977	-6.242977426	-2.85397539	-6.305508355	-6.274740196	-2.731730894	-7.895045579	-5.9902279	-11.88207362	-7.163395927	-5.624544425	3.000405316	14.58449423	30.98808473	68.68530811	137.958428	273.4281873	502.9104329	881.5725517	1433.191585	2051.993567	2602.665164	3025.273336	3301.665954	3467.834507	3566.31474	3626.734623	3661.858962	3689.085053
1	A5	15.91369134	21.36515113	8.480862175	7.649840573	-1.990255346	4.041496491	0.358420463	-1.427312083	2.464250062	1.434768532	-5.039314406	-6.288490626	-2.21378967	-11.12191251	-8.938561938	-11.69789853	-9.346205123	-7.865689563	-6.173813595	-0.111277414	9.652507033	29.40081301	68.79657995	126.4566952	230.316587	384.6874314	638.2644277	995.9464794	1436.964416	1893.452895	2281.839808	2564.72709	2744.376736	2872.09512	2971.455885	3060.831778	3128.191653	3183.926293	3221.928848	3251.156389
1	B5	7.135975257	11.82598968	7.974876936	5.85390863	2.948081386	-1.511624805	3.768219091	4.124960023	1.738807886	-1.090381858	-5.163392626	-3.686593567	-5.114420344	-7.517311637	-5.167215316	-9.293180999	-8.528965788	-8.206100482	-10.53012783	-3.433275145	14.99043242	29.51911398	68.45355405	130.6473478	226.8151298	398.9481336	655.1586765	1020.723492	1488.60162	1975.687822	2392.475077	2695.850898	2887.551669	3014.441258	3124.583085	3215.886687	3295.274358	3348.117316	3395.72388	3439.078044
1	C5	3.456600512	15.35085464	10.01672348	7.962169164	4.793822508	-1.789243251	-0.861110631	-0.405975671	0.435980336	0.220510289	-1.347057254	-4.675937114	-0.903138848	-3.319687842	-0.538194701	-3.919424202	-5.686316599	-4.49630896	-5.598431357	-8.623959015	-7.826669141	-3.989033835	-3.888169404	10.14102395	31.12523776	71.93238521	146.8271193	299.9411632	572.9348323	1033.790986	1692.406084	2386.322902	2964.742204	3362.155093	3588.454319	3702.894071	3779.871383	3836.600418	3886.75814	3921.456415
1	D5	1.331842232	5.580425551	6.553691009	3.835304247	-0.053726454	0.693780833	0.386376791	-0.004804233	4.123418395	-2.049501208	-2.786037143	-0.772697665	-1.60259524	-3.186948164	-0.431498369	-1.298543722	-4.166320035	-4.409018612	-0.436684176	-9.155507004	2.158561961	-2.050402651	2.91792731	18.12178919	38.07568205	83.13808751	170.274872	320.8275908	624.6654137	1115.353829	1809.995077	2548.652457	3163.481716	3579.070863	3816.312561	3940.117924	4027.693175	4088.612854	4139.714136	4179.202788
1	E5	11.49936637	17.73149984	18.63753508	12.62383611	11.40532241	3.848417494	3.211673408	4.325909977	-1.822041967	-4.800386192	-4.456048067	-7.583495103	-9.893620295	-14.85682195	-10.9979887	-13.67847787	-19.18401177	-15.99354376	-10.70327138	-17.91823088	-12.14683485	-11.19397073	-9.676191695	3.544121507	23.44566151	60.3200578	125.4493879	265.5000285	501.2261182	894.4045816	1462.962879	2094.023779	2637.674262	3045.998695	3316.720215	3488.305576	3599.856021	3670.531635	3721.374095	3761.197787
1	F5	27.73322466	31.86915674	19.71216248	17.62246454	6.377276784	8.63919593	-1.624071808	-1.161299326	-1.054324828	-0.700570602	-2.500542552	-4.220733916	-7.917742399	-12.38410468	-14.06269246	-13.41149098	-17.8192672	-15.11899724	-15.26391158	-14.05235707	-14.02824221	-8.920113069	-7.543601175	1.584975474	22.31317009	62.88161646	133.040237	273.7348263	532.4698988	953.1029388	1556.327963	2204.500597	2764.930513	3177.671283	3451.868278	3610.948195	3715.290059	3774.023835	3818.881389	3849.430125
1	G5	8.687507262	11.13853167	7.867774807	1.589851705	6.557853802	1.556050229	6.978109342	-1.343267158	0.211445408	-1.505708887	-2.229936303	-5.660567896	-2.38067078	-4.618570681	-5.236795711	-6.360874549	-6.367670254	-4.993774343	-8.388545695	-3.120217536	-1.394584827	-2.906768776	7.398611132	27.20444032	57.65366016	111.9066178	213.8984243	400.8041304	727.8763456	1220.442653	1848.41693	2440.757941	2927.476153	3264.323829	3470.930438	3590.673845	3659.658842	3704.94119	3734.483947	3756.430057
1	H5	23.01034582	24.63732887	13.28824578	7.51888798	3.834502808	0.433872252	-1.25032053	-6.686532707	3.079544128	-3.506028064	-3.828067916	-5.908469369	-2.662115641	-1.917868427	-5.7686362	-4.432297134	-5.453649114	-5.912830027	-8.597068843	-3.22017439	-4.768739025	-0.725014163	10.94409233	24.40815943	53.34559462	96.73710752	191.3612058	354.4936288	635.5043252	1063.896932	1630.625505	2165.966821	2606.952037	2916.914534	3106.23037	3222.802814	3295.663082	3343.261804	3372.571986	3391.229032
1	A6	3.381968315	11.30106409	15.45293605	8.129889653	2.333406527	2.834568494	2.892047023	-3.552857724	-7.022197042	-6.139500543	-6.68385936	-7.978576163	-7.574204655	-7.197426319	-6.970891425	-11.52481139	-11.15311095	-7.952746605	-6.174367598	0.054668379	10.88005785	32.77140842	65.24114087	124.4883945	224.2020727	380.2788033	623.3457503	965.3865104	1385.884323	1818.260534	2188.592048	2449.557086	2617.099259	2725.598723	2823.369694	2907.855815	2977.923674	3028.673069	3069.912657	3104.31685
1	B6	-8.020832672	8.95020105	8.316143507	1.993222043	3.185381623	2.823583413	3.049383629	1.059445998	-0.636602997	1.4553313	-7.11564192	-1.792941364	-5.895671575	-7.790775211	-14.99519871	-6.551765354	-11.21685235	-13.69486648	-7.786369344	0.403347538	12.38009433	30.81842883	69.49548169	130.2120596	233.8575901	396.3246203	650.7952002	1011.728058	1471.916529	1947.558781	2359.716676	2657.92849	2849.126325	2977.993103	3088.659076	3181.14077	3256.28642	3313.839446	3364.395376	3405.649388
1	C6	6.309130001	10.42473936	5.552609177	1.952125214	-3.198074375	4.985393836	3.586387508	-1.252300359	-1.315267804	0.931973144	4.282796796	2.295518151	0.755551851	0.862472463	-6.684343988	-4.478056846	-7.127243417	-3.551310816	-6.707295784	-4.615282082	-6.246333516	-5.317902301	7.284775649	25.40951956	57.24068987	114.2018196	233.6821619	451.6049455	832.7525694	1416.68452	2142.960593	2780.512003	3254.495418	3545.694648	3704.87085	3801.993161	3867.350181	3911.983404	3947.389476	3983.873961
1	D6	7.849705691	6.410032147	5.910822543	3.008896426	5.992846306	0.359111022	1.469565402	-0.594693826	6.117463713	1.18274473	0.402299846	-0.261919081	-1.590098617	-4.756386454	-8.089802344	-6.880468611	-3.477344156	-8.538701082	-9.765885927	-5.19168789	-6.486579353	-0.567307191	13.99392373	25.93757195	59.42142366	138.0909521	270.0447444	529.0512824	957.2567248	1608.751054	2337.26664	2962.861842	3408.0716	3669.842706	3808.979522	3893.160176	3956.524776	4001.48749	4037.859053	4066.863505
1	E6	14.23201886	21.35645241	12.58341661	10.79049688	2.950588721	2.043390235	-1.179922211	-2.420806972	1.196806017	-6.82443041	-3.38601564	-8.770507003	-3.699391138	-9.073501512	-9.131986787	-3.908462237	-1.925864584	-8.274824348	-10.85042367	-10.59078617	-8.881618367	-0.847440032	1.965753659	10.49381276	30.3338279	73.64524358	147.0122931	287.5060715	540.1912847	940.7550179	1505.761915	2087.01617	2575.85762	2931.123635	3157.595701	3293.68426	3377.209754	3426.124233	3459.199773	3479.77856
1	F6	19.22947445	33.98694491	17.15473967	7.408916217	7.140905266	3.063890944	2.4512521	-0.78875202	-1.992698446	-4.643356191	-6.650070784	-10.18838632	-6.791116913	-11.00851035	-7.55991298	-12.60594232	-7.333511054	-8.916549648	-7.06164837	-11.67941038	-8.232250956	-5.598050008	1.537554977	16.4314613	37.12932633	81.84634069	171.6653238	330.471635	615.1347389	1052.578487	1638.801076	2194.216662	2649.417698	2968.817299	3167.904488	3291.18836	3367.104518	3417.635562	3452.431911	3478.644849
1	G6	18.65000924	18.85130367	7.934233544	5.928376114	6.556935052	3.533457624	-0.100631263	1.00282949	-0.650752643	-1.840198344	-1.993469041	-3.342461191	-5.676829822	-4.462894143	-2.888254282	-5.837628791	-5.698041138	-8.071077157	-6.79133373	-5.958977555	-6.788963718	1.082338865	8.743960145	30.15969633	74.25576889	149.4485032	282.8243183	522.7194769	909.2738819	1475.68789	2090.505176	2631.930977	3042.740677	3312.091189	3471.981909	3569.440215	3626.93467	3666.982745	3690.107314	3709.827795
1	H6	19.2655947	19.03827569	11.6155647	5.411072957	2.725647169	0.941950111	1.251046743	0.534344692	-2.887397599	-0.874870596	-1.278184943	-1.087380543	-2.127411203	-5.592533941	-6.260392722	-4.211138103	-5.680975875	-5.822516317	-11.22549581	-2.157593084	-6.648957769	-0.082869789	7.681472739	29.98933158	59.06922614	118.6630649	238.7867384	438.3390663	769.3885902	1272.286663	1867.163135	2404.496682	2833.8952	3122.49348	3300.609465	3405.322545	3465.094342	3501.384786	3523.919988	3544.722515
1	A7	11.33779323	18.58416262	12.12964205	11.08991	7.925001825	7.650091899	4.705723232	-2.782193152	1.85195332	-0.624694236	-4.256688882	-4.489413998	-13.08419604	-10.8137911	-16.15455367	-12.13785773	-16.76235602	-14.21724635	-13.85589831	-11.76596906	-6.842633926	3.018920087	19.74352385	50.32181625	98.9821538	183.8740858	332.1781894	559.3677292	879.8017854	1287.860615	1737.090045	2127.191824	2412.641691	2596.159354	2717.255708	2817.422963	2906.614978	2976.994897	3035.797252	3089.589905
1	B7	9.708210232	17.66394687	12.73181525	7.274164299	3.259644523	2.901084927	-0.037875321	2.850097988	-0.94367167	-6.462952496	-5.968718096	-4.179804181	-8.215327311	-10.10224088	-11.58021764	-12.06266656	-11.11968523	-7.118840756	-6.399446284	-8.12244147	1.759375259	12.05954622	33.60793058	64.49473186	115.4693113	217.2660645	365.3477004	594.4208973	934.697844	1378.153606	1853.777711	2270.31934	2585.036157	2788.766943	2922.670165	3029.148166	3126.116283	3210.444549	3269.967418	3308.683493
1	C7	-3.190281075	3.780080858	5.695237937	2.055977401	3.375486815	3.959729486	-1.932076416	1.310139903	2.111118568	-3.245443442	-0.202528846	-7.214400963	0.130930587	1.309365287	-7.278745666	-1.922283235	0.815899947	-1.820612606	-6.49230366	-2.895833861	-3.469219372	-3.415177352	-2.519892927	6.349126934	18.0779618	42.96126155	87.56401395	174.9579437	338.4088848	640.59804	1119.971965	1786.005546	2430.527103	2950.955498	3288.708514	3478.219317	3580.885533	3644.771165	3695.37081	3743.312247
1	D7	3.249988453	2.779935787	4.268476223	2.254752872	2.429856512	2.83007428	-0.524191056	3.877526715	2.863542599	-1.744573173	-2.406113127	-6.033834082	1.271191338	0.164386891	-1.546796528	-0.104132885	-4.307307205	-2.768119082	-8.620997697	-4.211944376	-9.989318053	-2.631036995	-0.70743785	9.310566763	20.11740067	50.0159118	91.67003339	192.4840851	376.9960182	697.9752807	1214.772099	1894.979279	2519.081004	3012.413614	3322.107611	3490.180802	3582.736972	3647.464396	3694.707531	3734.473886
1	E7	26.31444454	24.03314325	14.55158699	9.136575339	5.499398863	4.15097981	2.946518413	-0.469771019	-7.396806204	-5.637009195	-3.070296131	-0.600377852	-8.735803014	-7.488797564	-5.665997248	-6.749890554	-8.461375316	-7.749657871	-6.876035467	-9.670729016	-6.685747545	-6.645407087	-7.201117191	-1.796970539	2.336234272	16.24239335	29.77617202	68.89087949	145.5289654	282.9034815	508.2956284	862.6791626	1308.23626	1703.184147	2018.384221	2233.249529	2366.136002	2450.126881	2500.054346	2536.855056
1	F7	38.56385219	18.34806848	9.663255597	5.160637467	3.248931227	1.782203968	2.959433623	0.579230349	-0.011063406	-3.205945802	-6.936656972	-1.008271478	-1.322534111	-5.399516357	-5.829279635	-9.451822773	-4.976560694	-8.368947818	-6.32543188	-7.80166981	2.610483138	-0.032037567	-2.720463077	-2.867186515	1.305652432	7.873344104	19.61345621	38.52937969	81.87969252	159.7469905	292.4605262	506.2668889	796.4354212	1098.106911	1303.08186	1463.427569	1565.539251	1635.315519	1676.011613	1701.23232
1	G7	3.464245947	10.94523558	3.818334536	4.373557286	-0.236410452	1.301375589	-1.159522715	2.202872196	2.876078886	2.772961944	4.488619121	1.134286776	-0.524046214	-3.588384003	-1.846396227	-9.029574467	-7.317499359	-7.331632389	-6.363377171	-7.198797905	-4.343602663	-5.587934471	1.193420584	11.90842574	21.02560566	48.80546435	103.8206964	208.7347658	395.3219661	708.3435142	1192.912389	1818.657427	2413.52236	2909.134459	3252.285012	3465.953407	3589.360422	3664.168985	3707.71789	3734.524663
1	H7	16.57489243	17.58989206	7.919535384	9.357525911	4.055385556	2.600724001	1.61437952	-1.283037201	-4.749396879	-4.224071684	-0.921050163	-3.244898108	-2.532017906	-5.914798999	-3.659704989	-6.342094203	-4.738585224	-3.67954399	-3.448349868	-6.656476369	0.380762546	-0.208064617	-1.705186883	7.107788634	21.3540923	40.63562815	83.50524111	160.7962838	308.9838642	562.4000577	969.8338889	1530.119278	2134.685169	2649.741467	3029.362317	3271.028781	3418.498	3506.309593	3564.446853	3610.633893
1	A8	10.60983674	16.88362913	14.42782132	7.815909712	6.626669094	2.661757672	-0.173976336	1.422988824	-6.03538219	-4.288918997	-10.11592274	-6.880985042	-7.261065422	-11.2815183	-11.27312546	-16.15072181	-10.21956585	-9.227398574	-6.010575301	4.240078695	11.64626143	35.34356442	73.17683322	135.2881897	228.9355445	393.2710511	635.8252037	992.7831863	1419.522313	1844.53738	2203.241013	2452.064489	2612.123126	2721.250866	2820.00122	2905.98026	2975.173043	3027.895149	3067.227368	3101.209001
1	B8	-0.595614426	19.6844021	14.22257632	5.670148622	8.806987981	2.164090893	-0.082842518	-3.007063969	-0.559517446	-5.967485072	-4.202516566	-5.902552054	-15.49704891	-13.70425367	-10.26865563	-13.07358289	-8.242969221	-12.59965383	-11.23262604	-2.338382497	19.04434932	37.69565823	77.35188078	144.4493917	259.8363119	435.6787469	694.7519616	1067.031977	1503.3111	1912.695188	2247.877152	2469.207325	2616.641158	2722.489442	2822.511129	2902.726612	2962.799677	3013.285291	3051.155148	3083.606935
1	C8	7.267499575	13.6888769	7.232447634	7.158575467	9.353663052	2.423163435	0.521688096	-2.410041865	-0.787640238	-1.326280325	-3.873202566	-5.155805409	-6.16879353	-6.784171296	-5.079376717	-3.433885907	-3.998503152	-4.173888674	-2.701678055	-5.017892488	-6.369703758	-1.284454191	-0.286319046	13.78018544	19.13197448	51.73268873	106.9720199	225.2378976	422.9385382	773.1754964	1317.730858	1985.59512	2573.543973	3012.457066	3272.385649	3411.241978	3490.852661	3550.004168	3594.930376	3632.925026
1	D8	2.528986451	5.61078769	3.741828663	3.543775544	2.89149784	2.161783786	1.436794594	1.737764576	-0.735763238	0.618712405	1.517230693	0.639808676	-4.067243363	0.291751879	-6.029175625	-6.700159705	-3.045598371	-2.245444694	-3.849883235	-1.988304163	-6.28267992	-3.498870543	-6.217665072	10.52798374	21.12145934	43.37396071	95.68497081	200.5140662	388.4575981	722.4140953	1253.977863	1940.999261	2571.656271	3069.938288	3381.778069	3548.617793	3638.366408	3697.648799	3742.740124	3781.124779
1	E8	22.12287693	28.5682287	24.41015994	12.87951039	5.048588296	2.60702344	4.475282503	2.377146349	-2.389361691	-5.630496385	-7.136232896	-6.554847916	-6.54944952	-13.93196551	-12.97416571	-13.10683097	-13.80994809	-12.6403832	-15.43704661	-13.78828102	-13.09833948	-8.837487809	-6.349578905	2.4839451	21.85043736	55.74232633	127.3246225	249.4192751	465.6475367	848.6085175	1393.382068	1992.226196	2508.669943	2891.462885	3137.535527	3289.242646	3382.993422	3444.223827	3481.108558	3508.488857
1	F8	-3.695165683	12.11072046	7.961782866	4.925950083	-0.144461422	1.750191545	3.363845337	1.552547253	-3.270507253	-4.082699636	2.865771977	-1.372228603	-3.546967532	-2.58745942	-6.047804618	-12.31578043	-7.180231685	-12.02800057	-8.153485478	-7.844724148	-7.002758858	-9.41260467	1.252694553	9.313256112	32.73694741	70.20319884	135.3476676	263.1927953	502.9005234	895.9831401	1455.257067	2072.940172	2605.962366	3002.638181	3259.628627	3417.019548	3513.606897	3574.553796	3614.500417	3646.336272
1	G8	4.140341863	12.64372519	9.552072724	6.781711811	0.71481109	4.208965303	-2.815934659	0.989979304	2.436111534	-5.219352194	-2.017332374	-5.796758315	-3.571951083	-6.284370398	-3.333838189	-7.235419477	-5.43430823	-4.041921414	-5.636056391	-3.035012264	-0.05567426	4.589943226	25.48491089	48.27305383	91.11967014	181.0114786	341.860248	616.1439094	1059.056996	1677.00666	2325.845501	2876.19882	3283.691859	3535.699173	3685.936441	3769.241964	3822.888193	3857.308657	3882.705936	3903.451357
1	H8	18.18806679	22.99705495	13.53259925	6.100201758	4.711720668	0.486263314	3.23144092	0.269734342	-3.932309478	-2.706389893	-0.705322524	-4.706593916	-3.187212129	-5.728930697	-9.296292671	-4.851364064	-4.049280518	-8.755812204	-8.246242447	-6.91770556	-2.951619344	0.767536263	10.6927817	30.04820813	67.02353658	149.3597496	283.2006124	514.8920718	901.4797989	1442.060535	2054.716946	2583.791698	2986.273627	3247.001646	3406.262625	3496.460279	3548.200284	3583.511022	3608.143269	3629.100305
1	A9	17.05966006	24.43310262	16.36246675	11.12976019	5.704335437	3.522854604	0.741353008	2.273704481	4.350868568	-0.849646788	-3.997917746	-0.101132274	-0.331213424	-2.982534013	-1.84446721	-9.27488693	-6.252902368	-2.796094339	-8.423004155	-10.09194434	-8.757192771	-11.80245119	-9.025091442	-8.702943127	-11.52870776	-13.80126242	-11.18510169	-7.619912007	-11.36122807	-8.78184742	-7.299323786	-1.117093451	8.816664957	23.57841302	51.61024672	110.4249935	223.5367588	431.4991909	776.4333536	1276.90433
1	B9	-5.686078968	11.17289878	5.108124293	8.346989576	1.272526954	-1.559574671	-0.388542075	0.314651038	2.489451679	1.093430741	0.534771999	-1.125756194	-6.275249509	-7.849068712	-0.47910056	-4.21386765	-7.70159105	-4.784791991	-1.427562692	-9.747073219	-0.233370005	-4.369377637	-0.917097079	0.567397028	-1.020456797	-1.991845081	-0.465582135	-3.696509932	-6.366638238	-2.168336577	-3.559826904	1.861088176	-5.283403088	-0.724077991	-1.899834993	-3.3720192	-2.398089348	4.369418273	7.084729674	9.382776882
1	C9	1.328124655	5.189432505	0.429791094	1.802595105	2.868034628	-1.351082169	-0.754625434	-1.379940357	-1.301775691	4.795326574	-0.319935463	0.67058438	-2.473303459	-2.935057056	-4.83797296	0.136636476	3.718983728	-0.126134263	-2.175614248	3.050569048	-2.133794586	-0.939490491	0.601665482	-2.258237721	2.308770775	2.033847397	-1.351400346	2.287264295	0.203788183	0.236882427	-4.435218722	-0.88495004	-0.541537146	0.253300734	1.114011811	0.062005989	2.34212143	14.45684432	26.73174168	60.86765384
1	D9	17.41797508	21.29616734	8.774186929	6.535098628	5.816478154	0.957571364	1.412459794	-2.380558467	-0.28969547	-3.507913822	-2.568599443	0.002511205	4.561904623	-0.781790547	0.290660137	0.129513266	-2.739726788	-0.391693899	-8.170413542	-4.552535043	-1.009306001	-3.942731999	-2.866817596	-1.792869574	-1.24673393	-4.388715874	-4.424508334	-4.607638588	-5.323038558	-2.675852961	-1.12026105	-1.647217915	2.016499424	-2.45432291	-2.149687713	2.906703597	0.5214079	4.408072117	6.797480082	14.77510134
1	E9	13.11230743	14.63872724	16.70589335	4.378333507	-0.096984447	1.495973535	-5.927626166	-10.90093414	-11.04571572	-11.71029072	-12.34427305	-12.30638512	6.150271447	30.90701802	85.51411948	190.816228	389.4945426	726.2191932	1239.586597	1898.964354	2476.748266	2944.258264	3266.136125	3463.927576	3583.856363	3656.870023	3709.275652	3744.170192	3767.982213	3782.649978	3791.917527	3798.541172	3799.042588	3803.090107	3804.408199	3808.30205	3805.751247	3805.09471	3806.575272	3815.652439
1	F9	2.929233317	13.62940339	16.81597845	5.910881089	1.901691221	2.085656934	2.473981046	-2.294771221	1.858134164	-1.209043108	-3.624723509	-3.781388602	-6.637544341	-4.829860669	-6.185576387	-5.008367745	-4.347886413	-9.836062402	-3.065411159	-3.115848502	0.729881499	-5.47322118	-2.913695536	-5.293368511	-3.313832993	-8.567968559	1.490656765	-0.79898697	-5.191814415	0.483056911	-2.575244159	-2.056638657	2.567417848	1.426873009	-1.549975123	-0.662884441	3.890394399	2.324439839	7.670388363	4.907367677
1	G9	6.267815952	12.77907413	11.07170116	4.409911484	3.081718182	-2.677137979	-7.637282694	-10.13379348	-8.113337451	-8.693411833	-9.148982566	3.057354324	21.99388783	54.38753037	114.6194981	230.6618184	440.0656133	786.5301025	1315.568982	1965.54184	2568.390082	3059.444849	3401.766749	3608.441159	3731.56618	3809.741544	3854.881449	3890.031846	3911.7054	3931.83946	3938.951648	3943.222566	3945.736138	3943.519296	3938.998713	3937.52274	3940.69534	3947.215249	3944.178793	3933.962258
1	H9	15.65217906	18.43526836	6.908624958	4.112730719	7.620629555	3.870629478	2.13610543	1.526390458	1.361880663	-6.462590456	-1.106628641	-2.584386514	-4.296858939	-4.783301017	-3.005924477	-4.068982705	-5.998278944	-2.931225876	-1.214665297	-4.543142639	-1.751580349	-5.10037292	-2.566421618	-0.717983848	-0.437823996	-2.565891929	-4.477592143	-1.03397693	1.978271887	-4.618657784	0.68734365	-0.726713847	1.20082104	5.680212877	1.649267052	4.179289486	-2.924705714	3.602070489	3.400078472	0.983735986
2	A1	12.1711847	11.43919756	6.796436003	2.754960489	4.555912988	1.143945433	-2.893514342	-3.254408281	0.780865006	1.593219134	2.129812286	-2.003913421	1.669814562	-3.794195592	-5.514349772	-6.405121405	-0.895878516	-8.573661786	-1.99489199	-4.21482269	-5.520505586	-4.166238074	0.719286258	8.648166765	17.87283895	40.81019223	85.43635847	154.4627171	292.86641	515.2297187	877.5605462	1372.235601	1883.970617	2321.648348	2626.30677	2802.142293	2893.447899	2956.375733	3007.306285	3052.585302
2	B1	5.96166867	5.140353809	-0.955081977	2.39107331	4.147594064	0.993488409	6.210324927	5.925450457	1.242424731	-1.943792857	2.09224802	-3.476228431	1.048620156	1.810167516	-6.679047244	-3.443869857	-2.937980042	-7.115653666	-5.123915667	-6.192250773	-6.011757583	-1.077403444	-0.474311002	4.354370418	23.77808838	49.26144312	100.0360523	191.6541989	356.8542194	637.2396598	1074.277335	1651.350101	2235.24405	2722.017642	3052.648447	3239.742792	3340.027699	3411.410744	3467.316873	3512.193588
2	C1	20.23258405	17.4275594	9.397539818	1.568620021	5.248760141	3.479542103	1.06821945	1.20372982	-1.50114098	2.942336535	-2.555675112	-3.404025055	0.578799503	-1.841866717	-6.308698719	-5.333674241	-5.664306301	-5.098580766	-3.327278869	-4.495257341	-7.199406277	-4.156652539	-1.353192112	7.833033652	28.60638918	57.85893358	132.2757971	261.9562462	499.3813654	896.4157316	1468.768391	2074.587771	2588.184571	2958.597068	3180.947413	3308.822976	3379.089583	3436.737372	3468.086985	3487.234318
2	D1	14.2108693	14.00079963	4.335418228	6.457950924	1.139822939	4.386078482	1.101924778	-2.489709424	-2.530755656	0.461750991	-5.184501732	-1.095444619	-0.915729642	0.311035551	-5.340953737	1.536347905	-3.52845605	-4.645971759	-3.951404907	-3.632726922	-2.031322213	-0.17585111	6.045077394	15.23899427	37.85776801	78.78279771	158.4322894	313.9381973	589.7450578	1026.926043	1650.102003	2262.479077	2769.430552	3121.906129	3335.614683	3454.951915	3528.540535	3579.724477	3620.945228	3652.630379
2	E1	20.00557016	22.30374347	10.84832555	6.349182332	1.470274354	4.502324064	-2.716101876	-1.486762484	-2.362553741	-6.717648459	-5.425448494	-7.594016766	-7.338286434	-4.963345159	-7.641482572	-5.351834205	-2.176548288	0.985490358	7.805296812	19.18756917	49.89353298	98.39501843	203.9844433	400.3660444	715.5906999	1215.185982	1858.714959	2434.903338	2902.796073	3212.114188	3399.567144	3506.400045	3575.258234	3616.615131	3646.998866	3671.770868	3689.398186	3699.580659	3706.712873	3714.762641
2	F1	16.82367843	20.6772338	11.50499366	3.470625044	3.532320352	0.463467442	-0.611618291	-0.753359565	-2.420750093	-2.918973337	-5.255518026	-4.177740305	-8.794469245	-4.341632433	-9.152648936	-5.764499231	-7.533239295	-2.019903087	13.64572613	19.6720665	55.69513428	110.5320277	226.4318832	434.8715118	784.0191519	1323.688794	1968.593322	2535.467679	2986.405715	3277.97762	3457.417805	3557.827072	3627.826115	3671.568154	3703.718633	3723.019498	3732.694874	3742.542066	3744.048245	3742.673876
2	G1	18.63142279	18.52587887	11.60875808	4.580446484	2.962752914	2.397663632	-1.972115702	-1.358608528	-3.055668828	0.611924731	-1.340545753	-4.880336541	-4.417253855	-5.977855148	-5.763377389	-8.390013253	-2.383578028	-5.336108991	-6.466764311	1.010933826	8.280761881	22.68791106	41.91475421	100.0893206	189.422642	358.5751435	635.5448773	1076.453039	1665.152123	2243.533178	2725.409837	3066.064048	3284.461189	3417.7115	3499.387015	3552.003646	3584.497349	3607.130477	3616.814516	3622.722826
2	H1	21.88199396	13.01411289	11.0293827	4.354385989	2.592817055	-0.780589552	-1.990214149	2.232997808	-1.992768023	-0.750974634	-4.696771438	-3.811071964	-2.841104412	-5.242525249	1.565446759	-9.827585817	-5.012404585	-3.578103879	-4.124758691	-2.481626927	8.10815549	20.62838781	48.11145186	95.10901039	188.0339584	346.0660995	628.4259303	1059.929172	1622.494858	2182.477555	2649.105311	2977.802461	3183.493864	3305.510123	3378.439988	3424.493255	3452.528546	3474.632418	3490.161047	3503.605461
2	A2	18.3989895	20.09946122	11.09220284	2.509923014	2.88360937	0.328277652	4.735938535	-1.656140634	2.535643852	0.216359196	-1.133662446	-5.701024622	-4.107203712	-2.340473308	-3.791778026	-3.604276152	-4.112465334	-7.662664578	-6.850760131	-3.941505991	-8.71409929	-8.878737625	-1.160655522	0.855528946	8.76572195	28.52710206	71.10215479	129.1757904	246.0569696	462.0710266	802.1657352	1323.057754	1964.11922	2537.964238	3002.544421	3306.48513	3480.589688	3579.558668	3646.621172	3703.753706
2	B2	22.55946093	19.35196655	11.56011622	4.407191197	4.600148309	3.895180925	2.613575879	4.170956362	-1.307757769	-0.294455237	-3.949175339	-3.313448441	-2.660227569	-2.761307213	-6.14334449	-5.154758275	-9.708047479	-6.831419815	-5.842547594	-7.300641534	-6.32985191	-9.381068728	-2.650958973	2.7325868	9.985432096	34.38290115	71.84302301	135.353431	267.1478142	486.5093591	853.7153203	1388.570223	2012.764075	2577.388645	3018.350103	3302.040167	3456.335933	3541.704554	3604.251192	3663.021662
2	C2	17.06387205	19.78391908	6.519342341	3.115496307	5.443748072	3.349415324	2.3151633	1.064422565	-1.741378397	1.449788612	-2.555424763	-3.018313387	-0.941346471	-3.055100411	-3.10393526	-4.757969757	-7.336839282	-4.754909694	-5.23652397	-7.902867198	-4.275119656	-2.330346334	1.790967983	5.095613605	26.58555384	58.75815898	125.2932453	257.5205403	489.0130224	884.2450811	1471.640561	2136.026802	2713.310826	3144.746472	3420.825513	3578.099747	3669.808713	3722.059977	3760.369842	3790.244927
2	D2	-0.871301226	10.04029787	3.416807718	-0.489799588	4.354439883	7.445694091	2.459338037	1.107173487	6.424728726	-5.674104388	1.802505941	-2.292258793	-1.098310872	0.18915766	-1.468955393	-3.575814124	-3.741908326	-7.089916185	-5.325807296	-8.559910986	-6.475660596	-2.183717058	0.533298614	8.734130705	23.75505137	61.98400103	133.2496045	272.5649803	515.8785341	940.6679927	1589.157446	2319.14461	2959.192798	3437.564562	3741.4518	3912.058669	4008.475061	4069.830369	4112.445034	4148.966613
2	E2	20.22624395	19.65241032	10.76257097	4.607392389	3.328379097	1.202184443	0.738513555	-0.779969321	-3.006480194	2.397531499	-2.597766858	-2.307803993	-3.915495376	-8.579568886	-6.277850382	-11.47680879	-5.75231077	-4.110322994	-5.62381784	-1.68607188	8.216298349	27.75804334	63.28593901	140.3038923	281.1594712	518.0320883	896.1919523	1383.850883	1826.221512	2187.530371	2427.88793	2577.741218	2661.461929	2709.526183	2736.675063	2753.046651	2769.547072	2783.662412	2794.616286	2800.915976
2	F2	18.85923616	26.96973754	16.92907566	7.283088865	6.812739953	5.238992932	0.67904151	-1.021832655	-0.278001195	-8.031230999	-5.179770193	-7.06540787	-7.67557404	-5.024164962	-10.8157937	-13.57046924	-12.74654747	-14.11802351	-8.190381435	-0.463860077	14.20928264	45.42324208	98.07108292	208.9376484	406.0279394	747.731612	1295.303155	1984.778496	2624.999009	3146.236964	3498.810759	3712.12432	3834.564211	3910.526623	3962.861477	4001.800338	4030.340034	4045.780433	4058.234501	4069.990822
2	G2	42.49493857	30.76409738	14.71548323	7.919103128	5.807672862	-1.161728322	0.652214703	0.609006163	-0.617207636	-4.016861499	-5.9826963	-9.763558178	-7.205495943	-6.7295363	-9.021940131	-6.973771004	-5.764414433	-2.613189699	-8.176428773	-3.301717262	0.212347699	11.66548192	27.47668087	59.54823686	119.7598714	231.6921448	435.7430371	764.4107114	1275.982462	1917.745202	2501.441678	2979.189787	3316.534332	3521.336559	3647.355736	3719.894415	3774.18521	3812.052748	3836.558113	3850.173601
2	H2	31.08231117	31.12718756	15.60044938	6.912087181	1.876656462	2.592877357	-3.630391955	-0.158971128	-2.234194027	0.025748959	-6.24534735	-2.765143759	-4.792622352	-3.000231463	-7.873940016	-4.921474768	-7.747049881	-5.051986507	-4.073295147	-6.059131524	-0.370364044	8.577557345	28.70633522	59.93968997	121.0163797	229.7413325	422.6821899	753.6894636	1245.022379	1853.242799	2384.482348	2819.804752	3116.871936	3300.270831	3409.096072	3480.947342	3522.280786	3556.255648	3571.199509	3580.71446
2	A3	13.96238169	18.48845982	10.04775989	10.28923698	3.703372221	1.896569571	2.560686486	0.73009189	1.25228485	-1.185193023	-5.249571915	-3.530375668	-1.155920721	-3.303128434	-4.096317175	-7.741168493	-10.36169514	-12.87383451	-8.637510356	-10.06177268	-6.342033269	-2.195943899	1.966125634	12.77464453	34.91079362	74.38156312	147.7640508	284.9241434	520.7835309	911.3011149	1473.535684	2145.54107	2736.99807	3188.246458	3474.339848	3642.490082	3736.989688	3803.325014	3842.84807	3870.926555
2	B3	3.81196143	3.399668085	8.377810606	1.500993855	1.711860979	-1.414457726	1.798402772	-0.794911507	-0.962889383	1.339514642	-0.551813093	-0.365223326	-2.692356438	-3.306547634	0.802547719	-2.022313158	-6.708417087	-3.554509358	-4.260628546	-3.534282864	-5.400397223	0.769839107	5.68576476	17.32372004	42.73457667	87.23900171	174.0730907	334.1381774	601.0781012	1031.757242	1653.271264	2336.983404	2933.474343	3371.493563	3650.445568	3800.21511	3888.810095	3952.342292	4000.266462	4035.825215
2	C3	3.594154596	6.982541769	4.601073601	6.005042159	2.743713788	1.392388381	3.178218484	2.174054437	2.052005451	1.838884296	-0.299543481	-1.4969223	-2.162516423	-2.063014972	-0.680618387	-7.776979614	-4.327713958	-5.063173051	-8.806078689	-7.480666436	-10.10078222	-4.252660271	4.988912951	8.070219326	28.25966754	64.28319694	138.8741847	274.7457759	531.9485194	963.463272	1613.820719	2358.845681	2998.942466	3484.253767	3774.777392	3950.239564	4041.01383	4109.681166	4155.376262	4197.582875
2	D3	2.492247767	9.188686423	4.653111627	3.733899201	0.972411495	0.493413483	0.004425948	3.59208381	0.897712048	-1.478010081	1.401127855	-1.809180924	-0.27666658	-2.371595453	-0.860942626	0.786528564	-5.162057416	-2.497205713	-7.069396909	-4.103603708	-8.902845356	-5.303038029	-0.133757603	7.720641876	21.37851814	46.8013123	96.6664238	205.6382033	391.9051752	733.1217127	1269.2066	1977.56717	2645.471402	3191.156175	3564.794617	3793.851893	3926.357018	4010.778964	4063.172332	4100.886048
2	E3	1.655515025	10.2517606	10.20319201	3.004348076	4.949725289	3.58755937	1.82904288	1.504655793	-2.130104072	-0.799280141	-1.776617956	-0.664857398	-11.09510654	-7.225756605	-5.849870948	-8.326918963	-10.27681836	-9.107510133	-4.806001146	-1.884444772	10.1103831	31.91739812	64.88580939	140.5623748	286.04842	543.1214602	990.1921621	1668.972578	2499.302077	3236.585271	3805.500141	4173.728161	4393.291636	4519.11125	4598.135039	4650.286146	4689.481283	4718.713684	4740.464645	4761.218788
2	F3	-3.589934514	3.352929616	4.292023098	5.594527084	6.777444848	3.437667234	0.07867107	3.394879958	-2.85355245	-2.210132532	0.114685249	-2.90071038	-8.46790432	-5.245202357	-6.7617463	-7.27284221	-6.600616572	-6.019018794	-6.006640189	-3.382192878	9.855990652	27.19200694	66.46601132	133.5964754	266.416337	516.2976889	933.6790847	1577.859921	2364.600129	3070.85892	3618.683589	3976.080685	4188.440879	4320.966011	4401.412427	4450.980701	4485.109103	4510.981377	4531.059566	4542.656264
2	G3	14.38873861	16.97588882	8.416121485	8.175284373	0.300285214	-1.206461271	3.395532234	-0.183079215	2.700357459	-0.575348989	-6.665952688	-0.880114154	-2.166772678	-3.661573048	-6.714399408	-7.527395643	-7.900060735	-7.021379084	-4.189682642	-4.744736368	-1.333320398	1.18510942	9.715044334	21.25302852	55.51207795	111.3603596	211.4358657	403.1452581	724.4304549	1234.600395	1920.755199	2604.509769	3176.818982	3587.104211	3841.632726	3991.251213	4083.492931	4141.777078	4183.623726	4212.078245
2	H3	21.7930934	20.47887389	9.305546101	6.49731371	3.978597796	0.806781056	1.311255024	-0.213350797	-3.300992741	-5.394766068	-4.628149848	-3.231916049	-1.680695904	-3.647362231	-1.198912377	-3.631508724	-4.13993147	-3.433659597	-6.699137168	-3.378448325	-5.165083209	0.683477897	6.724635959	21.5379405	45.82585578	89.98255672	178.6484315	339.946458	614.3023875	1055.487436	1647.925232	2260.517042	2783.856555	3164.207574	3399.66733	3543.16333	3623.090003	3682.765553	3708.821912	3726.600847
2	A4	15.70873759	18.11278701	9.517878255	2.71200307	10.94166541	2.622249983	-0.261057535	3.134839891	-3.465522773	-3.874259786	-7.050870593	-3.933411566	-8.615191721	-7.157408935	-10.63499962	-8.140793688	-6.247470314	-2.309589353	11.06229052	29.60318372	62.57097983	127.3589588	244.5268103	439.242215	751.9113803	1221.829782	1818.802681	2394.219579	2870.763459	3206.016474	3410.812845	3536.401883	3620.983998	3682.899973	3727.637276	3759.623993	3792.957502	3823.965667	3844.696291	3850.525286
2	B4	3.254986284	9.112009263	4.176067063	6.33969308	6.226970776	4.172648918	6.19302222	0.8589109	-0.661999653	-3.212613153	-1.896220863	-6.325801822	-6.024806283	-6.422085969	-10.49134556	-8.383183185	-4.375975521	-1.462643228	9.2472975	27.86371532	64.39611532	129.6919114	247.7476944	444.4520886	769.3238849	1259.93196	1918.782791	2594.111177	3168.749695	3583.12901	3838.692506	3983.462836	4080.753208	4155.416416	4217.579881	4261.721271	4292.685667	4319.760679	4344.00782	4368.08113
2	C4	6.418254128	3.241713628	4.603354394	3.457779126	2.263620027	-0.718252123	2.704310533	2.206793073	2.080060782	7.350767224	-5.622756175	-1.622379729	-2.543651893	-5.624145534	-2.204377848	-1.032726723	-2.084420869	-2.597622969	-6.519902685	-6.48832828	-6.282489635	-7.982621434	-0.277121875	1.858552245	8.405934598	20.22163711	54.84805454	110.6036745	217.7378106	412.1786788	769.757588	1333.595917	2067.435247	2753.076394	3303.637257	3670.185763	3888.618723	4015.894252	4091.696647	4142.848814
2	D4	0.80936117	7.192324694	7.801782468	3.383290656	3.868221724	1.343400086	2.625865901	-1.62886734	-1.769393523	1.603152738	-2.603730924	-2.235961349	-3.128419096	-1.565840937	-0.00684433	0.824288575	0.337969791	-7.170623125	-5.518568751	-5.697893061	-4.638172289	-5.48088707	-1.605444888	-0.046599478	5.648130986	23.0480015	56.63839576	112.7133679	235.7188612	448.1373889	828.9026743	1421.246119	2182.150091	2868.093671	3418.845701	3778.587429	3989.839553	4108.420616	4181.487755	4233.098126
2	E4	-2.884197616	6.751719131	8.758282302	8.263332128	4.214017151	4.9565241	1.672673936	-1.52980655	-2.032174041	-1.890397086	-4.134964404	-1.489507525	-4.632458641	-4.982628038	-4.288101675	0.230237233	-3.376183479	-9.714157683	-10.23909085	-11.0971625	-5.836018392	-2.380727329	0.687020132	6.045475143	35.01773445	72.73901058	162.9673443	319.657405	612.4213946	1097.054114	1808.825905	2613.041051	3310.781505	3827.41701	4163.802578	4357.216181	4472.296482	4542.859484	4591.847083	4629.250874
2	F4	-1.946964357	5.145114919	4.110378912	6.552440801	3.776510307	2.952406109	1.462021784	2.260079626	2.082500245	-1.028755744	1.542101627	-0.708807532	-2.076162353	-1.038536932	-7.507515961	-4.01616049	-7.546421945	-6.689967751	-8.566816522	-11.85762679	-8.046307042	-4.065297524	-0.717201886	11.43781286	32.67391714	80.05582731	169.1830329	341.8551806	642.5162131	1148.946303	1873.948614	2681.350814	3368.088447	3868.200194	4187.170623	4371.781631	4485.167087	4559.348022	4608.147366	4634.392568
2	G4	0.860403519	13.00058114	7.22089667	7.160500158	2.976619747	3.892620871	8.151917842	0.869645136	0.314086785	-0.207059124	-0.213114265	-3.876306461	-3.315873623	-7.510352798	-8.904562114	-5.683787843	-3.417042721	-7.683756433	-6.51351515	-6.926371584	-7.415642624	-10.94050995	-0.177367397	13.77670852	36.26617907	76.09465181	164.3850277	320.1311304	590.9621011	1047.398762	1707.625125	2487.916036	3178.085702	3714.568264	4068.902412	4284.88151	4408.951265	4490.748975	4545.315401	4589.770695
2	H4	19.42334632	21.14541501	12.39345128	8.123704893	6.16907225	3.355298343	1.245046946	2.253640895	0.514627192	2.118407912	-4.327612882	-4.02457335	-7.628384027	-7.215531388	-8.684262866	-5.171836279	-8.385820532	-9.473496568	-7.780105139	-9.155393251	-4.171805855	-5.309282467	2.710310279	11.88580622	37.17190334	75.41774183	162.8837411	314.322921	575.2184905	1014.420732	1640.741653	2348.34246	2971.69055	3445.103732	3756.796976	3943.557997	4054.972271	4120.642997	4167.668257	4212.144766
2	A5	0.444626835	12.31216226	11.26351858	3.053184727	3.073607324	0.312496168	0.732863928	-2.917055595	-1.625444682	1.677445061	-1.470191115	-6.187775081	-7.27860531	-4.113669363	-5.324370161	-3.600020178	-4.876642805	-1.457280304	7.311928789	20.20322002	55.15514001	102.2903964	191.1060557	348.9635129	612.7090134	1016.597468	1574.044919	2175.852388	2699.955983	3091.731557	3335.023376	3472.198214	3559.347795	3626.08261	3678.855842	3711.713151	3741.273941	3765.549214	3787.031174	3799.705503
2	B5	0.586602129	4.197962499	2.177960073	4.638542519	5.103700778	3.35469532	2.277856014	1.756282411	1.911319175	-3.458479275	-1.375141468	-1.747077791	-2.155052379	-7.399558779	-8.174879151	-9.584557248	-2.811660891	-0.399663611	4.943317394	23.00724995	51.17464597	99.99212281	192.5372896	349.0204703	610.6667466	1027.540764	1609.794339	2269.827272	2853.400483	3297.976013	3582.025836	3739.909856	3839.804114	3911.924715	3974.058941	4016.910743	4047.800314	4075.268718	4097.445075	4116.959479
2	C5	8.101205462	8.597102573	10.51698046	7.32164006	0.516169165	-2.419706653	4.232258539	0.084011571	2.234728025	-1.679209378	-3.19337415	-2.722653852	-7.760238278	-0.813301631	-1.726727316	-4.952781725	-3.312933754	-3.301321442	-5.752727008	-5.321385168	-1.893956607	-5.002556275	-4.398024083	6.974986888	27.6882624	58.1226147	127.3189631	244.4238424	472.2239532	866.9686247	1472.455749	2211.107895	2869.110921	3377.406542	3704.434886	3899.782881	4008.064257	4078.495783	4117.665946	4150.019299
2	D5	0.902505196	2.653873443	0.17183436	1.819345936	3.217054219	3.890107817	0.691588066	2.046020185	1.332610605	-1.590434851	5.636255669	3.824848516	-1.132535746	-1.768206063	-2.019993382	0.152958687	-5.081814384	-9.586933204	-8.279566018	-2.65321235	-8.105487121	-6.473677664	0.469312951	8.386290544	23.09708478	61.01377041	127.2946732	259.5090806	493.8663263	909.9818873	1555.25761	2361.25559	3085.826951	3652.180234	4017.985215	4229.818414	4348.776167	4428.975553	4483.421196	4527.808216
2	E5	-3.071473758	1.894305064	5.287748606	1.379515203	1.714221558	8.629238963	4.993393641	-0.574809079	-0.138174136	0.844106844	0.035260858	-5.069759445	-3.104406989	-3.213732003	-7.812842125	-4.124935734	-5.701552367	-6.93541652	-8.085991536	-4.686183116	-8.162780727	-1.640296803	-2.161657476	9.226554848	27.67108257	70.97536286	141.1522507	286.978373	539.6040735	989.5005779	1669.899672	2512.028118	3268.259261	3864.028998	4257.366429	4492.629116	4629.013903	4713.968237	4770.471064	4813.889642
2	F5	-0.85257094	8.034442467	6.560145379	4.423176851	5.094791029	5.117282683	2.830514067	-2.008278911	0.073654293	-1.564725373	-2.227978361	-1.932701784	-3.860555487	-4.237160393	-2.430279674	-6.10755951	-6.112513154	-9.675564033	-7.263378742	-5.771721852	-7.620572687	-3.306787427	1.942044576	9.757567332	27.09316383	60.36196622	120.4972123	245.2172148	468.9361685	866.0398518	1486.192605	2302.798617	3057.469166	3673.332322	4090.381887	4342.075005	4490.157488	4576.650857	4634.772013	4679.647076
2	G5	0.192232577	12.31936534	6.975091247	8.389489026	0.594533346	1.021836072	-0.604690132	4.664647458	0.438798126	-1.626288395	-0.4463834	-5.652290421	-4.188666288	-4.434361738	-3.194007725	-4.794152921	-5.31063877	-1.826526799	-7.058356513	-6.759840288	-4.664752944	0.013196423	7.011182186	25.60020841	62.31221233	126.9279137	247.219466	459.5341618	827.5506271	1393.844473	2129.506903	2819.696715	3389.932114	3790.560805	4039.499861	4188.735538	4277.502381	4330.134585	4366.089071	4395.783593
2	H5	30.43256562	27.49984643	14.97620725	6.879058242	3.034852798	5.286831665	-2.299807574	-4.468055792	-3.415702128	-4.131121738	-6.595638213	0.571270007	-2.357688726	-8.536374435	-5.383938669	-3.961867864	-6.059962598	-8.556621183	-2.206668498	-2.287065618	-4.436432826	1.11285206	10.79677472	22.10435385	50.89449307	99.18122587	200.4787331	373.053856	676.1508979	1141.801988	1758.825566	2357.588168	2857.993904	3210.14316	3431.609321	3563.457706	3645.841622	3698.094487	3733.503851	3761.816021
2	A6	12.95968817	14.35520364	8.531212993	5.392366369	3.133426502	-0.42185124	5.162128374	-1.191574934	-4.685813467	-1.453021858	-3.251797422	-2.008489602	-6.823324902	-4.759478423	-5.298921003	-10.1624695	-1.372258432	0.587660092	6.409715753	20.89579717	47.66481441	98.56476773	185.9327881	348.3241235	612.4970663	998.1271575	1526.443512	2066.437359	2520.526298	2845.701613	3047.198759	3166.229975	3244.191391	3296.007927	3344.211829	3378.751942	3413.324926	3433.183087	3454.311777	3473.994862
2	B6	-0.184627654	1.372802755	6.21664559	0.884348424	2.141439723	0.925701423	-1.645915254	-2.291233201	-2.784165466	-0.335980922	-4.986488864	-4.082654948	-4.725192621	-2.483249113	-5.550791131	-1.372384196	-0.451801906	4.523336488	9.391800716	33.36477342	64.40080569	117.6524075	218.5222323	373.8617874	580.1400422	817.5097061	1035.100683	1186.739834	1273.73428	1336.66744	1373.688106	1400.766085	1422.735326	1441.06179	1458.494783	1473.4589	1488.11637	1498.666223	1507.980625	1514.282592
2	C6	-0.00729328	8.575368452	4.558785528	-0.392658031	1.538342836	3.921214602	4.942983804	0.603020908	4.611095372	-2.043404655	4.708260462	-0.436626859	0.132488609	-7.168715594	-2.870306016	-9.27243349	-6.663912159	-5.383007276	-4.144085013	-2.324620579	-3.116892608	-1.116821202	6.274370859	22.53635971	52.9418675	114.572517	220.1812801	440.0984469	804.0244092	1387.357348	2109.031017	2739.51463	3240.914018	3567.199538	3751.73425	3856.257246	3919.217525	3966.77998	4002.65193	4034.414018
2	D6	-2.765433082	3.451028228	9.937473137	-0.504617258	-1.844285485	6.744380658	0.258949661	1.923971388	2.770274422	-2.120636174	0.582309267	0.70910712	-2.275475613	-4.212518072	-3.780408781	-0.780698251	-6.372459831	-8.572248451	-7.385051317	-1.475356252	-6.931429352	-0.961914529	7.297535554	25.21877153	56.54107644	120.8344879	244.5410764	469.829313	864.7638239	1471.456261	2202.238745	2850.584843	3357.524911	3683.320229	3871.913972	3973.060572	4040.114042	4086.418699	4117.251083	4136.760693
2	E6	5.277356446	11.64135868	9.624066616	5.55082952	8.160409598	2.356485846	4.022073292	2.937402955	0.54703692	-2.812529022	-2.647822836	-4.47157337	-2.003216171	-4.906161996	-6.655127647	-6.720269283	-10.5009166	-9.950988007	-10.17442341	-10.30387719	-9.243170134	-10.55798031	4.688807468	16.01075983	38.45451683	90.22409337	186.5329919	357.1095383	666.0629866	1182.05115	1890.727068	2611.232621	3217.401764	3652.306363	3923.183585	4082.871517	4172.859243	4232.466961	4272.633352	4308.797466
2	F6	10.2945379	17.39634811	8.274420669	6.610055748	7.113257004	4.090150819	-0.030928677	-2.000020663	1.237365056	0.888490054	-3.449763213	-3.251967702	-1.478899233	-5.848910419	-4.187364956	-5.840709582	-9.375945632	-10.7464511	-9.630234207	-10.43072923	-5.350520784	-5.714545315	0.983711265	15.51377296	31.81350817	84.65216173	157.5863451	320.3877613	604.5269247	1069.676303	1730.233081	2436.525033	3033.330149	3459.103525	3720.861804	3875.931948	3972.807529	4038.202042	4081.136644	4114.66267
2	G6	22.81428416	20.75185281	7.186074326	7.12668139	10.70156297	2.621206976	-1.353524576	1.852724353	-1.032554686	-1.66980284	-4.537355613	-6.586802412	-8.94923395	-1.940707509	-3.366392692	-6.177868977	-7.258540022	-7.47086952	-7.240826592	-3.983589967	-1.003521212	-6.614679845	12.02256147	29.97388597	72.84645958	149.2519945	287.476791	535.4769086	943.3169722	1539.618088	2242.71943	2861.139992	3342.298659	3659.462535	3851.028718	3964.8535	4032.593884	4085.055717	4110.750169	4130.272095
2	H6	17.3372798	16.88351161	11.18423528	3.394257965	1.375080328	0.568947845	3.03501527	0.5457025	1.094319361	-2.144054049	-1.750143743	-2.085236752	-5.360106069	-5.784560826	-6.323373243	-6.823370867	-4.973940055	-2.554147544	-6.968708667	-3.164627546	-6.091395369	0.635724331	11.22274229	21.57172488	57.94877472	120.5909541	230.6636668	428.4321403	767.7570522	1289.679992	1961.272256	2598.822252	3123.915223	3486.71209	3711.318136	3840.178644	3926.574721	3980.207653	4017.555716	4035.176883
2	A7	0.274703352	6.887960843	7.518028337	3.675617286	-0.96068098	5.838044143	3.243524549	2.274608752	-2.443601312	0.822255058	2.153810734	-1.898340225	4.437020527	0.42377738	-7.88092698	-3.04766463	-7.426528518	-10.03391464	-8.574142327	-6.055716215	-5.914918084	-3.420261317	-5.88736619	0.954168713	9.367488011	30.03349801	69.70069899	148.1119589	285.1136735	515.1598086	901.8752899	1436.727342	2037.549062	2563.909865	2952.296458	3185.45706	3310.797365	3381.475846	3442.149487	3498.069389
2	B7	-3.897087309	2.157567124	6.675746225	-0.604725736	3.989561121	0.549871229	1.903414357	3.202747633	-2.896929153	1.385177087	-0.400700537	-2.702751768	1.063646365	-2.406324044	-0.591947178	-6.53245299	-4.487166837	-6.239672021	-5.652992782	-2.132423483	-0.846727203	-4.539674898	-1.460229859	7.76170126	17.87723213	41.94678588	85.73375762	164.5184954	306.8486672	552.8365863	953.9054057	1526.827479	2155.210372	2706.788146	3116.230274	3368.853895	3502.392588	3582.807991	3639.304639	3690.859538
2	C7	-16.49292222	-3.79401406	-6.636471679	-5.432057856	2.450627753	-0.187883203	1.343138384	4.567019429	4.217686133	2.594384895	8.624623809	2.904805122	3.730501628	3.590698717	0.242001566	0.270040531	1.031808311	-1.420843507	-8.172468098	-2.561084542	-9.394767241	-7.258086866	-2.764782844	-0.120066501	2.90116555	14.80074087	38.99137085	80.83871478	161.7580782	319.8968865	599.2294482	1066.473423	1720.707655	2395.810217	2959.51958	3356.178826	3601.818631	3738.267673	3814.594067	3865.081208
2	D7	1.346533903	1.165973414	3.949959513	4.513307084	3.179773686	1.261500608	4.280019084	0.00072546	0.017475722	-0.648651071	1.696772598	-4.334834424	-3.049801548	-2.996542302	-4.478712506	-0.435976984	-0.560232963	-5.061498544	1.294963676	-6.22977284	-8.14819795	-4.322740866	-6.851199246	-1.092274321	8.864743376	22.90582211	56.19313529	121.6462567	241.7597523	473.3565798	861.7789497	1465.427738	2212.722038	2882.404117	3404.52991	3742.424512	3936.84744	4045.791185	4113.554487	4162.413504
2	E7	25.00336113	22.24565566	8.200677147	11.06819612	3.938350196	0.097156556	1.222709646	-1.117059192	-0.64120401	-1.179863173	-1.125186862	0.167321758	-7.768142338	-6.391108829	-4.650465373	-3.818077224	-4.25104288	-6.973052179	-7.656385251	-5.703521098	-3.31198733	-6.360316831	-2.659458526	-2.277098213	2.47558778	9.271208482	24.87606085	57.48699141	117.5677806	221.2179001	420.2877787	755.7260452	1247.610966	1826.764632	2281.06205	2636.952466	2862.345353	2998.233223	3079.023524	3136.806785
2	F7	26.81761515	22.38391654	6.840313957	7.265245187	4.889934325	5.517568421	2.341990054	-1.138717628	0.384071868	1.115304155	-4.139775415	-6.531116838	-4.58959544	-3.664755797	-7.04070754	-6.053451246	-1.27932628	-0.48872733	-10.55897459	-3.768244034	-4.170095268	-4.176429114	-5.401255231	-1.127508291	7.69399629	8.047121941	20.29322214	49.58853998	89.79764961	173.5198631	328.491348	587.7925628	949.4633166	1355.011465	1661.230603	1898.718879	2050.70904	2143.847663	2201.62578	2240.810645
2	G7	2.512602019	8.575334284	5.835817668	3.891663401	11.70478367	-2.021806839	-1.7123269	3.279574078	1.34550817	1.300273101	-3.40645551	-2.075904534	-3.468759493	-3.682076651	-7.109870622	-5.78099169	-6.471713821	-6.165617845	-6.089890559	-9.227734219	-3.282522947	-0.564532579	-1.285781602	9.971477437	25.6341443	54.66891853	111.1186885	214.3681945	402.3672512	732.1730249	1256.722775	1962.089339	2686.742757	3296.450613	3736.642413	4013.762899	4179.711347	4278.656978	4343.736381	4396.072755
2	H7	26.60163079	24.55077135	10.22036927	7.231462645	3.081684033	5.858877992	4.526325029	0.820975164	0.213737924	3.431003163	-4.239766193	-2.230376335	-5.482958522	-4.941147329	-4.077861442	-6.060782944	-9.731453019	-10.03491255	-9.005513927	-8.586470056	-9.821797612	-6.889899816	-6.110467447	6.472376884	11.88894096	37.98213533	79.81542433	155.6588809	296.5486643	550.1832238	965.6284172	1554.521706	2211.95285	2792.313025	3235.218021	3531.088138	3702.683132	3805.814325	3865.199006	3908.383221
2	A8	10.97691067	12.61565158	6.361027358	2.841063551	6.917601749	2.907861588	3.093438968	0.909505317	-0.905530593	-1.512804153	-6.993960577	-2.143600355	0.463036517	2.257614996	-5.745279665	-4.49999799	-7.597526758	-3.894574402	-4.989504505	-5.869032861	-5.517460285	-5.797998077	0.245802752	10.40364909	24.33316347	60.02415345	117.6410906	227.4786892	410.3207308	724.9385763	1191.593056	1766.172204	2270.379633	2673.36255	2933.240479	3081.037002	3162.716377	3221.763328	3259.234794	3287.458077
2	B8	-2.58504066	5.840409481	6.445187141	4.71152267	4.838904474	2.001521198	1.013282918	2.395923721	0.348992835	-0.226317514	-0.80139233	-1.075255166	-0.99750257	-3.529549871	-3.858683505	-5.484336217	-4.982244503	-6.556412329	-6.607510352	-3.790632371	-4.703550908	-4.649436081	-2.455734067	9.179389409	27.8672513	61.07856577	125.0695636	242.9617233	453.6839887	794.0535995	1313.651244	1959.830231	2542.661685	3011.573945	3316.771227	3482.321397	3570.5663	3630.796139	3678.866112	3722.498279
2	C8	9.300970884	13.17168181	5.024042709	5.126613149	1.011921052	1.527638473	3.419450554	0.583115052	1.032121365	0.358006636	-2.043525404	-2.899207314	-3.371358975	-0.972368124	-6.243312158	-2.140831964	-3.989575489	-5.468274675	-1.622090305	-4.700957867	-3.463278432	-2.325829881	-0.69181822	4.64608242	20.89856856	53.49194389	103.2891445	207.4425777	404.5384399	741.4337547	1276.190349	1957.858219	2561.656992	3041.621124	3356.345316	3538.257325	3644.877195	3708.972298	3752.541135	3786.090202
2	D8	-2.754869308	0.474784272	2.050556469	6.122148023	4.076786186	3.86190055	-2.34835323	-1.78838837	3.58701599	0.796062217	1.291358664	1.468586682	-0.722346083	-4.361875683	-5.676444838	-4.853223752	-2.801844526	-2.603786488	-3.5000651	-5.143516892	-8.807899512	-6.358338827	0.378080884	6.762335152	25.04220338	49.353397	105.8825643	220.228949	422.0733975	779.205987	1338.953799	2066.304661	2715.782007	3237.886627	3584.742712	3784.910555	3897.656834	3962.859435	4007.200166	4038.554603
2	E8	11.06195626	19.44613736	12.91569714	8.712658943	9.096187955	0.408730703	2.576814248	-0.105565478	1.069667307	-3.253324283	-2.894055077	-6.14094215	-5.851711746	-6.787874812	-5.925379557	-4.679596848	-8.020632878	-5.030518412	-7.891864759	-14.09554773	-10.43027648	-8.857100912	-3.245160542	-0.49438915	8.830531356	46.66051682	98.23292191	184.5968854	363.9193424	679.9701874	1196.340727	1906.455067	2606.664972	3188.049388	3599.762718	3849.748901	3997.779434	4083.478254	4135.917445	4174.049158
2	F8	-0.711960611	9.784925805	7.950061536	7.116762284	4.961407049	5.061857583	1.751152187	3.579161895	-3.246548233	2.956475305	1.3713065	-3.70185547	-1.399375373	-5.466462293	-4.433633055	-10.47383069	-9.708371171	-10.34337512	-10.20857805	-9.086750937	-7.377499744	-6.577541205	-1.771098855	-1.997959138	13.53010806	38.47304216	94.27441874	192.5579481	380.793043	705.5140995	1227.784307	1955.009111	2655.429435	3236.03792	3644.959329	3893.700452	4042.478036	4128.567101	4183.46913	4219.657367
2	G8	8.829010706	13.56174054	7.071692687	6.287854286	6.912202916	0.912393289	5.825773969	0.690282799	2.759379946	-4.172969977	0.499308676	-2.644955936	-4.222670253	-5.824276546	-6.445093674	-7.085844854	-5.532453202	-9.177247917	-10.86996104	-7.098486226	-7.641241984	-0.143930274	14.64346809	33.38378871	81.70144191	160.7676081	318.5579957	593.4255475	1046.564513	1692.361543	2427.966662	3074.474122	3561.308103	3884.342378	4075.191544	4193.321814	4257.469935	4303.386493	4336.120465	4365.422907
2	H8	20.64935963	23.24970558	12.01523535	6.622193991	6.004217506	0.465126495	1.574842815	2.619949599	1.410281925	-3.961184996	-3.612281612	-6.450537552	-4.59067317	-5.316181578	-6.469470387	-7.295995341	-8.872258664	-7.740393202	-6.603395448	-5.605505039	-4.288782023	0.553306983	8.585284176	33.79672002	67.66673636	142.9682582	277.41646	519.8891026	906.4213819	1501.480859	2185.761404	2800.477751	3279.933012	3603.349	3794.46551	3907.171834	3976.899958	4023.568229	4055.075763	4074.217943
2	A9	-8.356712283	2.41525457	-2.340243422	-1.835301747	-3.431634437	3.57134225	-1.512621245	-0.617508141	2.455711694	-2.881245416	0.731061711	0.440737114	5.195150626	0.976096559	-4.662281278	4.889081184	4.360123857	-1.717967652	-0.063335997	5.308336107	-0.164482469	1.915653942	1.140360028	-3.683168153	-1.243065557	-0.464619018	-2.893325657	-1.884971534	0.92854533	-4.142612213	-0.471601065	-1.486292038	0.381518233	-2.362920775	2.53471394	-2.028865998	-2.783485713	3.284844127	2.498195972	1.455531354
2	B9	-15.3222126	-5.174454991	-2.125480599	-0.623747165	0.309476874	-4.46722311	-2.727067859	2.702999513	-0.802886354	2.446431523	-0.631689048	-1.032411049	1.239355589	-1.401246563	5.067909128	-1.015306053	2.329073718	0.92692857	-2.190542521	0.973629483	0.513190057	2.825981585	-2.722816693	3.334326714	1.444259483	0.7272523	5.439177263	-4.172636321	-1.569521074	0.497894229	-3.808297182	-1.934751232	2.046457794	7.763029881	2.877381809	-6.302044159	-0.184905618	1.165779846	-3.366983078	-3.062479193
2	C9	0.416208364	2.53113337	1.329064945	-1.400686415	-4.285728086	0.291711988	4.842915311	-1.183934183	-1.502191671	5.94481711	-0.694000955	-0.89849916	0.418221259	-0.326608951	2.565646794	2.378546526	-1.445918378	-0.271192645	-0.216667875	0.117329199	-0.398327295	-1.026738214	-4.357610241	0.447424462	0.046925721	-3.609575229	-2.838642976	-0.239052508	-3.496530516	2.479378323	0.665000165	4.096494376	0.481842355	-2.914507152	1.803017112	2.547288276	1.294333503	-3.039555988	1.092226117	1.098151728
2	D9	15.29728566	10.63965327	4.307058038	-2.378200163	0.03935999	2.7581597	-2.13586401	-3.085300295	-1.98327967	3.296246345	0.792145535	3.800242354	1.280983898	1.474685398	0.820595373	-3.130993046	-6.726509338	-0.073015552	-2.752094743	-2.114464607	-0.2757305	-3.84760793	-0.098687811	1.915029253	-3.270843478	-1.760604234	3.527333501	-1.592610977	2.294340789	1.364899435	-2.299193937	4.592935215	0.517950118	2.399450029	0.179474632	1.49511997	-0.480355682	-1.389114585	-1.845962954	-0.499633146
2	E9	-13.92371739	0.239952206	5.661547714	4.947036935	-2.74535201	-0.467111156	2.557575925	-1.874647053	3.135919573	1.014675206	-1.018608732	1.277930417	-3.280710261	-4.381384136	1.604053367	-2.848978404	-1.823444503	2.034230428	-6.856961309	-2.288255156	-6.58566001	-5.130844328	-5.576170935	-3.175708852	-1.082631538	-0.27057516	5.138135528	19.18015542	48.42558678	93.25691316	186.3900676	349.8660664	618.1232695	1031.071999	1517.134947	1919.316284	2248.708403	2487.53105	2650.475777	2778.709327
2	F9	19.87973299	16.05362853	19.35539513	7.210923626	2.497349248	-3.255718212	-7.968084032	-6.209124975	-10.64314173	-11.23433058	-12.37620302	-7.152374644	3.062115119	34.33017006	93.80828093	206.4193256	412.8000817	776.0843925	1356.293008	2102.37906	2791.851657	3353.337981	3735.352657	3970.587855	4106.797595	4194.025755	4240.940806	4279.003544	4299.283405	4321.772632	4331.81962	4340.696513	4344.058436	4344.117754	4343.248433	4342.775607	4345.85675	4346.691904	4341.558462	4330.250642
2	G9	-2.363466383	8.829116469	2.39998854	2.464215164	-2.662237903	2.332361429	-0.277893112	3.113360797	1.580372499	-4.840225296	3.030343993	1.761371456	-0.860369681	-3.237245381	-0.586569363	2.391554053	-3.28151098	-3.038961186	0.328249885	-3.082153366	-3.023485032	1.457580514	-2.887398592	2.418929356	-2.058836604	-2.271454117	-2.661512118	-3.820290043	0.194489429	-0.979934542	2.53578623	-2.530201409	2.186681856	-1.663146347	0.529237277	2.420628586	4.220833025	1.948787757	1.45574244	-1.536780909
2	H9	31.3841469	27.74330802	14.71083142	9.273198066	-2.991432651	0.769019803	-4.475504545	-5.629738886	-9.675120544	-14.96215456	-12.45527285	-3.341877453	9.579113847	23.92234656	78.95277898	172.1396465	333.4004013	624.5684548	1085.539005	1711.094284	2345.562844	2881.637294	3276.131979	3528.803808	3688.589496	3779.076975	3833.399676	3873.252425	3904.027958	3920.451783	3925.075264	3926.60385	3931.968082	3935.007623	3937.922342	3937.433853	3937.779137	3936.431828	3933.450007	3923.898561
